Freq.,VOut,OutRef

1.00000000000000e+004,-9.56676908489679e+000,-1.17568605415048e-001

1.01395947979003e+004,-9.56676999686937e+000,-1.19209593691229e-001

1.02811382665607e+004,-9.56677093442355e+000,-1.20873480476475e-001

1.04246576084112e+004,-9.56677189827528e+000,-1.22560585048012e-001

1.05701804056138e+004,-9.56677288916030e+000,-1.24271231124367e-001

1.07177346253629e+004,-9.56677390783493e+000,-1.26005746926707e-001

1.08673486252606e+004,-9.56677495507677e+000,-1.27764465238803e-001

1.10190511587661e+004,-9.56677603168470e+000,-1.29547723474556e-001

1.11728713807222e+004,-9.56677713848005e+000,-1.31355863738165e-001

1.13288388529580e+004,-9.56677827630690e+000,-1.33189232889677e-001

1.14869835499703e+004,-9.56677944603291e+000,-1.35048182611204e-001

1.16473358646846e+004,-9.56678064854985e+000,-1.36933069472687e-001

1.18099266142953e+004,-9.56678188477404e+000,-1.38844255000703e-001

1.19747870461893e+004,-9.56678315564766e+000,-1.40782105743482e-001

1.21419488439505e+004,-9.56678446213860e+000,-1.42746993344644e-001

1.23114441334492e+004,-9.56678580524214e+000,-1.44739294608082e-001

1.24833054890161e+004,-9.56678718598037e+000,-1.46759391576368e-001

1.26575659397028e+004,-9.56678860540476e+000,-1.48807671591746e-001

1.28342589756290e+004,-9.56679006459518e+000,-1.50884527380045e-001

1.30134185544193e+004,-9.56679156466173e+000,-1.52990357118585e-001

1.31950791077289e+004,-9.56679310674514e+000,-1.55125564512490e-001

1.33792755478611e+004,-9.56679469201790e+000,-1.57290558869972e-001

1.35660432744767e+004,-9.56679632168494e+000,-1.59485755179576e-001

1.37554181813974e+004,-9.56679799698439e+000,-1.61711574189284e-001

1.39474366635040e+004,-9.56679971918867e+000,-1.63968442483947e-001

1.41421356237309e+004,-9.56680148960541e+000,-1.66256792565852e-001

1.43395524801583e+004,-9.56680330957833e+000,-1.68577062935270e-001

1.45397251732031e+004,-9.56680518048854e+000,-1.70929698171922e-001

1.47426921729110e+004,-9.56680710375491e+000,-1.73315149020787e-001

1.49484924863494e+004,-9.56680908083542e+000,-1.75733872475234e-001

1.51571656651040e+004,-9.56681111322860e+000,-1.78186331859440e-001

1.53687518128801e+004,-9.56681320247428e+000,-1.80672996917354e-001

1.55832915932100e+004,-9.56681535015443e+000,-1.83194343902174e-001

1.58008262372675e+004,-9.56681755789451e+000,-1.85750855662967e-001

1.60213975517924e+004,-9.56681982736523e+000,-1.88343021732056e-001

1.62450479271247e+004,-9.56682216028253e+000,-1.90971338422136e-001

1.64718203453514e+004,-9.56682455841021e+000,-1.93636308912000e-001

1.67017583885674e+004,-9.56682702355993e+000,-1.96338443345433e-001

1.69349062472505e+004,-9.56682955759346e+000,-1.99078258921942e-001

1.71713087287550e+004,-9.56683216242346e+000,-2.01856279994493e-001

1.74110112659224e+004,-9.56683484001502e+000,-2.04673038166271e-001

1.76540599258131e+004,-9.56683759238704e+000,-2.07529072389196e-001

1.79005014185594e+004,-9.56684042161378e+000,-2.10424929061888e-001

1.81503831063432e+004,-9.56684332982590e+000,-2.13361162134652e-001

1.84037530124975e+004,-9.56684631921283e+000,-2.16338333204539e-001

1.86606598307361e+004,-9.56684939202311e+000,-2.19357011627139e-001

1.89211529345119e+004,-9.56685255056717e+000,-2.22417774614014e-001

1.91852823865052e+004,-9.56685579721808e+000,-2.25521207343331e-001

1.94530989482457e+004,-9.56685913441372e+000,-2.28667903064503e-001

1.97246540898671e+004,-9.56686256465813e+000,-2.31858463209176e-001

1.99999999999999e+004,-9.56686609052335e+000,-2.35093497500193e-001

2.02791895958005e+004,-9.56686971465167e+000,-2.38373624060941e-001

2.05622765331213e+004,-9.56687343975648e+000,-2.41699469532614e-001

2.08493152168224e+004,-9.56687726862523e+000,-2.45071669183292e-001

2.11403608112276e+004,-9.56688120412035e+000,-2.48490867029073e-001

2.14354692507258e+004,-9.56688524918189e+000,-2.51957715946099e-001

2.17346972505211e+004,-9.56688940682934e+000,-2.55472877791311e-001

2.20381023175322e+004,-9.56689368016372e+000,-2.59037023521274e-001

2.23457427614443e+004,-9.56689807236931e+000,-2.62650833316018e-001

2.26576777059159e+004,-9.56690258671626e+000,-2.66314996698747e-001

2.29739670999406e+004,-9.56690722656267e+000,-2.70030212661109e-001

2.32946717293690e+004,-9.56691199535677e+000,-2.73797189789063e-001

2.36198532285905e+004,-9.56691689663882e+000,-2.77616646392833e-001

2.39495740923785e+004,-9.56692193404458e+000,-2.81489310628193e-001

2.42838976879009e+004,-9.56692711130630e+000,-2.85415920636203e-001

2.46228882668982e+004,-9.56693243225644e+000,-2.89397224666322e-001

2.49666109780322e+004,-9.56693790082895e+000,-2.93433981217683e-001

2.53151318794055e+004,-9.56694352106297e+000,-2.97526959167016e-001

2.56685179512580e+004,-9.56694929710464e+000,-3.01676937909834e-001

2.60268371088386e+004,-9.56695523321033e+000,-3.05884707495162e-001

2.63901582154578e+004,-9.56696133374907e+000,-3.10151068766293e-001

2.67585510957221e+004,-9.56696760320490e+000,-3.14476833506158e-001

2.71320865489533e+004,-9.56697404618091e+000,-3.18862824570393e-001

2.75108363627948e+004,-9.56698066740062e+000,-3.23309876042974e-001

2.78948733270080e+004,-9.56698747171229e+000,-3.27818833372879e-001

2.82842712474618e+004,-9.56699446409103e+000,-3.32390553527694e-001

2.86791049603164e+004,-9.56700164964231e+000,-3.37025905139454e-001

2.90794503464061e+004,-9.56700903360493e+000,-3.41725768657256e-001

2.94853843458219e+004,-9.56701662135399e+000,-3.46491036500305e-001

2.98969849726987e+004,-9.56702441840491e+000,-3.51322613207822e-001

3.03143313302078e+004,-9.56703243041566e+000,-3.56221415601550e-001

3.07375036257601e+004,-9.56704066319076e+000,-3.61188372938463e-001

3.11665831864199e+004,-9.56704912268495e+000,-3.66224427069286e-001

3.16016524745350e+004,-9.56705781500581e+000,-3.71330532603915e-001

3.20427951035848e+004,-9.56706674641808e+000,-3.76507657069477e-001

3.24900958542493e+004,-9.56707592334714e+000,-3.81756781074767e-001

3.29436406907028e+004,-9.56708535238188e+000,-3.87078898480923e-001

3.34035167771346e+004,-9.56709504027975e+000,-3.92475016560992e-001

3.38698124945009e+004,-9.56710499396927e+000,-3.97946156176494e-001

3.43426174575100e+004,-9.56711522055447e+000,-4.03493351944014e-001

3.48220225318448e+004,-9.56712572731875e+000,-4.09117652408940e-001

3.53081198516260e+004,-9.56713652172870e+000,-4.14820120219405e-001

3.58010028371187e+004,-9.56714761143794e+000,-4.20601832302674e-001

3.63007662126863e+004,-9.56715900429142e+000,-4.26463880042206e-001

3.68075060249948e+004,-9.56717070832912e+000,-4.32407369457793e-001

3.73213196614721e+004,-9.56718273179056e+000,-4.38433421385215e-001

3.78423058690237e+004,-9.56719508311867e+000,-4.44543171660108e-001

3.83705647730104e+004,-9.56720777096416e+000,-4.50737771300698e-001

3.89061978964912e+004,-9.56722080418958e+000,-4.57018386695610e-001

3.94493081797342e+004,-9.56723419187365e+000,-4.63386199790634e-001

3.99999999999998e+004,-9.56724794331565e+000,-4.69842408277798e-001

4.05583791916010e+004,-9.56726206803958e+000,-4.76388225786674e-001

4.11245530662425e+004,-9.56727657579873e+000,-4.83024882076270e-001

4.16986304336447e+004,-9.56729147657970e+000,-4.89753623230886e-001

4.22807216224550e+004,-9.56730678060717e+000,-4.96575711854043e-001

4.28709385014515e+004,-9.56732249834778e+000,-5.03492427268765e-001

4.34693945010421e+004,-9.56733864051530e+000,-5.10505065711984e-001

4.40762046350642e+004,-9.56735521807404e+000,-5.17614940541243e-001

4.46914855228886e+004,-9.56737224224412e+000,-5.24823382432126e-001

4.53153554118317e+004,-9.56738972450531e+000,-5.32131739585144e-001

4.59479341998812e+004,-9.56740767660137e+000,-5.39541377930641e-001

4.65893434587380e+004,-9.56742611054479e+000,-5.47053681334811e-001

4.72397064571810e+004,-9.56744503862062e+000,-5.54670051810123e-001

4.78991481847569e+004,-9.56746447339073e+000,-5.62391909725389e-001

4.85677953758016e+004,-9.56748442769850e+000,-5.70220694015388e-001

4.92457765337964e+004,-9.56750491467233e+000,-5.78157862397106e-001

4.99332219560642e+004,-9.56752594772977e+000,-5.86204891584814e-001

5.06302637588109e+004,-9.56754754058188e+000,-5.94363277503748e-001

5.13370359025159e+004,-9.56756970723677e+000,-6.02634535510116e-001

5.20536742176771e+004,-9.56759246200305e+000,-6.11020200612697e-001

5.27803164309155e+004,-9.56761581949436e+000,-6.19521827688492e-001

5.35171021914442e+004,-9.56763979463183e+000,-6.28140991711302e-001

5.42641730979066e+004,-9.56766440264820e+000,-6.36879287971808e-001

5.50216727255895e+004,-9.56768965909026e+000,-6.45738332306863e-001

5.57897466540159e+004,-9.56771557982287e+000,-6.54719761321164e-001

5.65685424949235e+004,-9.56774218103042e+000,-6.63825232624109e-001

5.73582099206328e+004,-9.56776947922087e+000,-6.73056425051131e-001

5.81589006928121e+004,-9.56779749122693e+000,-6.82415038902399e-001

5.89707686916437e+004,-9.56782623420846e+000,-6.91902796174667e-001

5.97939699453972e+004,-9.56785572565485e+000,-7.01521440792921e-001

6.06286626604156e+004,-9.56788598338572e+000,-7.11272738851436e-001

6.14750072515201e+004,-9.56791702555270e+000,-7.21158478849528e-001

6.23331663728396e+004,-9.56794887064000e+000,-7.31180471932103e-001

6.32033049490698e+004,-9.56798153746518e+000,-7.41340552130267e-001

6.40855902071694e+004,-9.56801504517892e+000,-7.51640576606170e-001

6.49801917084985e+004,-9.56804941326507e+000,-7.62082425896493e-001

6.58872813814055e+004,-9.56808466153962e+000,-7.72668004159981e-001

6.68070335542691e+004,-9.56812081014961e+000,-7.83399239426188e-001

6.77396249890018e+004,-9.56815787957138e+000,-7.94278083845663e-001

6.86852349150199e+004,-9.56819589060833e+000,-8.05306513942570e-001

6.96440450636895e+004,-9.56823486438825e+000,-8.16486530868317e-001

7.06162397032520e+004,-9.56827482235949e+000,-8.27820160660516e-001

7.16020056742374e+004,-9.56831578628748e+000,-8.39309454499128e-001

7.26015324253724e+004,-9.56835777824944e+000,-8.50956488970521e-001

7.36150120499896e+004,-9.56840082062960e+000,-8.62763366328124e-001

7.46426393229441e+004,-9.56844493611232e+000,-8.74732214762003e-001

7.56846117380472e+004,-9.56849014767578e+000,-8.86865188664723e-001

7.67411295460207e+004,-9.56853647858409e+000,-8.99164468904748e-001

7.78123957929823e+004,-9.56858395237835e+000,-9.11632263102104e-001

7.88986163594682e+004,-9.56863259286761e+000,-9.24270805903998e-001

7.99999999999995e+004,-9.56868242411826e+000,-9.37082359267600e-001

8.11167583832018e+004,-9.56873347044229e+000,-9.50069212746826e-001

8.22491061324848e+004,-9.56878575638558e+000,-9.63233683776453e-001

8.33972608672892e+004,-9.56883930671360e+000,-9.76578117969715e-001

8.45614432449099e+004,-9.56889414639731e+000,-9.90104889412322e-001

8.57418770029029e+004,-9.56895030059708e+000,-1.00381640096613e+000

8.69387890020841e+004,-9.56900779464584e+000,-1.01771508457412e+000

8.81524092701283e+004,-9.56906665403094e+000,-1.03180340157220e+000

8.93829710457770e+004,-9.56912690437418e+000,-1.04608384300881e+000

9.06307108236633e+004,-9.56918857141149e+000,-1.06055892996453e+000

9.18958683997622e+004,-9.56925168097030e+000,-1.07523121388375e+000

9.31786869174758e+004,-9.56931625894583e+000,-1.09010327691051e+000

9.44794129143618e+004,-9.56938233127595e+000,-1.10517773223138e+000

9.57982963695136e+004,-9.56944992391467e+000,-1.12045722442559e+000

9.71355907516031e+004,-9.56951906280353e+000,-1.13594442982453e+000

9.84915530675926e+004,-9.56958977384193e+000,-1.15164205687879e+000

9.98664439121282e+004,-9.56966208285553e+000,-1.16755284653449e+000

1.01260527517622e+005,-9.56973601556290e+000,-1.18367957261928e+000

1.02674071805032e+005,-9.56981159754088e+000,-1.20002504223818e+000

1.04107348435354e+005,-9.56988885418737e+000,-1.21659209618181e+000

1.05560632861831e+005,-9.56996781068340e+000,-1.23338360934233e+000

1.07034204382888e+005,-9.57004849195222e+000,-1.25040249114759e+000

1.08528346195813e+005,-9.57013092261762e+000,-1.26765168600127e+000

1.10043345451179e+005,-9.57021512695940e+000,-1.28513417374264e+000

1.11579493308032e+005,-9.57030112886771e+000,-1.30285297011684e+000

1.13137084989847e+005,-9.57038895179512e+000,-1.32081112726086e+000

1.14716419841265e+005,-9.57047861870688e+000,-1.33901173420657e+000

1.16317801385624e+005,-9.57057015202885e+000,-1.35745791740189e+000

1.17941537383287e+005,-9.57066357359443e+000,-1.37615284124398e+000

1.19587939890794e+005,-9.57075890458856e+000,-1.39509970863786e+000

1.21257325320831e+005,-9.57085616549032e+000,-1.41430176157043e+000

1.22950014503040e+005,-9.57095537601366e+000,-1.43376228170509e+000

1.24666332745679e+005,-9.57105655504608e+000,-1.45348459099937e+000

1.26406609898139e+005,-9.57115972058554e+000,-1.47347205234349e+000

1.28171180414339e+005,-9.57126488967561e+000,-1.49372807022230e+000

1.29960383416997e+005,-9.57137207833873e+000,-1.51425609140234e+000

1.31774562762811e+005,-9.57148130150821e+000,-1.53505960564235e+000

1.33614067108538e+005,-9.57159257295771e+000,-1.55614214643358e+000

1.35479249978003e+005,-9.57170590523029e+000,-1.57750729176292e+000

1.37370469830040e+005,-9.57182130956501e+000,-1.59915866490767e+000

1.39288090127379e+005,-9.57193879582264e+000,-1.62109993525882e+000

1.41232479406504e+005,-9.57205837241015e+000,-1.64333481917325e+000

1.43204011348474e+005,-9.57218004620383e+000,-1.66586708085860e+000

1.45203064850745e+005,-9.57230382247111e+000,-1.68870053329190e+000

1.47230024099979e+005,-9.57242970479223e+000,-1.71183903916653e+000

1.49285278645888e+005,-9.57255769498038e+000,-1.73528651187886e+000

1.51369223476094e+005,-9.57268779300155e+000,-1.75904691654669e+000

1.53482259092041e+005,-9.57281999689398e+000,-1.78312427106396e+000

1.55624791585964e+005,-9.57295430268728e+000,-1.80752264719209e+000

1.57797232718936e+005,-9.57309070432123e+000,-1.83224617169029e+000

1.59999999999999e+005,-9.57322919356507e+000,-1.85729902748120e+000

1.62233516766403e+005,-9.57336975993678e+000,-1.88268545485716e+000

1.64498212264969e+005,-9.57351239062314e+000,-1.90840975272507e+000

1.66794521734578e+005,-9.57365707040031e+000,-1.93447627989075e+000

1.69122886489819e+005,-9.57380378155533e+000,-1.96088945638417e+000

1.71483754005805e+005,-9.57395250380917e+000,-1.98765376482363e+000

1.73877578004168e+005,-9.57410321424086e+000,-2.01477375182245e+000

1.76304818540256e+005,-9.57425588721359e+000,-2.04225402943378e+000

1.78765942091554e+005,-9.57441049430253e+000,-2.07009927663904e+000

1.81261421647326e+005,-9.57456700422497e+000,-2.09831424087484e+000

1.83791736799524e+005,-9.57472538277311e+000,-2.12690373960046e+000

1.86357373834951e+005,-9.57488559274910e+000,-2.15587266190667e+000

1.88958825828723e+005,-9.57504759390367e+000,-2.18522597016283e+000

1.91596592739027e+005,-9.57521134287758e+000,-2.21496870170257e+000

1.94271181503206e+005,-9.57537679314648e+000,-2.24510597055065e+000

1.96983106135185e+005,-9.57554389497044e+000,-2.27564296918157e+000

1.99732887824256e+005,-9.57571259534603e+000,-2.30658497032185e+000

2.02521055035243e+005,-9.57588283796397e+000,-2.33793732878100e+000

2.05348143610063e+005,-9.57605456317045e+000,-2.36970548332089e+000

2.08214696870707e+005,-9.57622770793376e+000,-2.40189495855513e+000

2.11121265723661e+005,-9.57640220581506e+000,-2.43451136688259e+000

2.14068408765776e+005,-9.57657798694506e+000,-2.46756041044694e+000

2.17056692391625e+005,-9.57675497800549e+000,-2.50104788312644e+000

2.20086690902357e+005,-9.57693310221613e+000,-2.53497967255001e+000

2.23158986616063e+005,-9.57711227932735e+000,-2.56936176213555e+000

2.26274169979693e+005,-9.57729242561866e+000,-2.60420023315150e+000

2.29432839682530e+005,-9.57747345390254e+000,-2.63950126679841e+000

2.32635602771247e+005,-9.57765527353465e+000,-2.67527114630726e+000

2.35883074766574e+005,-9.57783779042968e+000,-2.71151625905413e+000

2.39175879781588e+005,-9.57802090708300e+000,-2.74824309868786e+000

2.42514650641661e+005,-9.57820452259887e+000,-2.78545826726663e+000

2.45900029006080e+005,-9.57838853272367e+000,-2.82316847740674e+000

2.49332665491357e+005,-9.57857282988575e+000,-2.86138055443222e+000

2.52813219796278e+005,-9.57875730324061e+000,-2.90010143853158e+000

2.56342360828676e+005,-9.57894183872181e+000,-2.93933818691447e+000

2.59920766833993e+005,-9.57912631909730e+000,-2.97909797596642e+000

2.63549125525621e+005,-9.57931062403122e+000,-3.01938810340034e+000

2.67228134217075e+005,-9.57949463015070e+000,-3.06021599040112e+000

2.70958499956006e+005,-9.57967821111723e+000,-3.10158918376447e+000

2.74740939660078e+005,-9.57986123770310e+000,-3.14351535802123e+000

2.78576180254757e+005,-9.58004357787153e+000,-3.18600231755444e+000

2.82464958813007e+005,-9.58022509686150e+000,-3.22905799869643e+000

2.86408022696948e+005,-9.58040565727515e+000,-3.27269047181552e+000

2.90406129701488e+005,-9.58058511916953e+000,-3.31690794338015e+000

2.94460048199957e+005,-9.58076334015004e+000,-3.36171875800825e+000

2.98570557291775e+005,-9.58094017546716e+000,-3.40713140049261e+000

3.02738446952187e+005,-9.58111547811454e+000,-3.45315449780752e+000

3.06964518184081e+005,-9.58128909892894e+000,-3.49979682109129e+000

3.11249583171928e+005,-9.58146088669100e+000,-3.54706728760682e+000

3.15594465437872e+005,-9.58163068822634e+000,-3.59497496267955e+000

3.19999999999997e+005,-9.58179834850714e+000,-3.64352906160931e+000

3.24467033532806e+005,-9.58196371075294e+000,-3.69273895156094e+000

3.28996424529938e+005,-9.58212661653046e+000,-3.74261415343047e+000

3.33589043469155e+005,-9.58228690585203e+000,-3.79316434368809e+000

3.38245772979638e+005,-9.58244441727185e+000,-3.84439935619995e+000

3.42967508011610e+005,-9.58259898797995e+000,-3.89632918402750e+000

3.47755156008335e+005,-9.58275045389301e+000,-3.94896398120700e+000

3.52609637080511e+005,-9.58289864974139e+000,-4.00231406451092e+000

3.57531884183106e+005,-9.58304340915297e+000,-4.05638991519030e+000

3.62522843294651e+005,-9.58318456473143e+000,-4.11120218070460e+000

3.67583473599047e+005,-9.58332194813048e+000,-4.16676167643471e+000

3.72714747669902e+005,-9.58345539012232e+000,-4.22307938738827e+000

3.77917651657445e+005,-9.58358472066030e+000,-4.28016646989306e+000

3.83193185478053e+005,-9.58370976893584e+000,-4.33803425328543e+000

3.88542363006410e+005,-9.58383036342791e+000,-4.39669424159688e+000

3.93966212270369e+005,-9.58394633194669e+000,-4.45615811523604e+000

3.99465775648511e+005,-9.58405750166914e+000,-4.51643773267673e+000

4.05042110070485e+005,-9.58416369916752e+000,-4.57754513214948e+000

4.10696287220124e+005,-9.58426475042989e+000,-4.63949253334139e+000

4.16429393741414e+005,-9.58436048087264e+000,-4.70229233910974e+000

4.22242531447321e+005,-9.58445071534490e+000,-4.76595713720812e+000

4.28136817531551e+005,-9.58453527812412e+000,-4.83049970203419e+000

4.34113384783250e+005,-9.58461399290356e+000,-4.89593299639706e+000

4.40173381804713e+005,-9.58468668277076e+000,-4.96227017331156e+000

4.46317973232124e+005,-9.58475317017701e+000,-5.02952457782167e+000

4.52548339959385e+005,-9.58481327689849e+000,-5.09770974885569e+000

4.58865679365059e+005,-9.58486682398777e+000,-5.16683942111848e+000

4.65271205542494e+005,-9.58491363171691e+000,-5.23692752702246e+000

4.71766149533147e+005,-9.58495351951117e+000,-5.30798819866217e+000

4.78351759563174e+005,-9.58498630587423e+000,-5.38003576983380e+000

4.85029301283321e+005,-9.58501180830396e+000,-5.45308477810615e+000

4.91800058012158e+005,-9.58502984319977e+000,-5.52714996694369e+000

4.98665330982714e+005,-9.58504022576130e+000,-5.60224628788373e+000

5.05626439592555e+005,-9.58504276987795e+000,-5.67838890277624e+000

5.12684721657352e+005,-9.58503728801048e+000,-5.75559318608204e+000

5.19841533667984e+005,-9.58502359106395e+000,-5.83387472723814e+000

5.27098251051240e+005,-9.58500148825246e+000,-5.91324933308986e+000

5.34456268434150e+005,-9.58497078695583e+000,-5.99373303039298e+000

5.41916999912011e+005,-9.58493129256842e+000,-6.07534206838997e+000

5.49481879320155e+005,-9.58488280834013e+000,-6.15809292146005e+000

5.57152360509512e+005,-9.58482513521004e+000,-6.24200229184785e+000

5.64929917626012e+005,-9.58475807163248e+000,-6.32708711247167e+000

5.72816045393895e+005,-9.58468141339597e+000,-6.41336454981492e+000

5.80812259402975e+005,-9.58459495343536e+000,-6.50085200689974e+000

5.88920096399912e+005,-9.58449848163697e+000,-6.58956712634855e+000

5.97141114583549e+005,-9.58439178463716e+000,-6.67952779353295e+000

6.05476893904373e+005,-9.58427464561449e+000,-6.77075213981262e+000

6.13929036368161e+005,-9.58414684407565e+000,-6.86325854586573e+000

6.22499166343855e+005,-9.58400815563542e+000,-6.95706564511185e+000

6.31188930875742e+005,-9.58385835179038e+000,-7.05219232723125e+000

6.39999999999992e+005,-9.58369719968730e+000,-7.14865774177862e+000

6.48934067065610e+005,-9.58352446188561e+000,-7.24648130189572e+000

6.57992849059874e+005,-9.58333989611446e+000,-7.34568268812317e+000

6.67178086938309e+005,-9.58314325502477e+000,-7.44628185231138e+000

6.76491545959274e+005,-9.58293428593561e+000,-7.54829902163505e+000

6.85935016023218e+005,-9.58271273057570e+000,-7.65175470271034e+000

6.95510312016668e+005,-9.58247832482014e+000,-7.75666968581562e+000

7.05219274161021e+005,-9.58223079842181e+000,-7.86306504921887e+000

7.15063768366211e+005,-9.58196987473833e+000,-7.97096216361212e+000

7.25045686589301e+005,-9.58169527045389e+000,-8.08038269665439e+000

7.35166947198092e+005,-9.58140669529687e+000,-8.19134861762300e+000

7.45429495339801e+005,-9.58110385175230e+000,-8.30388220217834e+000

7.55835303314889e+005,-9.58078643477004e+000,-8.41800603723828e+000

7.66386370956104e+005,-9.58045413146814e+000,-8.53374302596943e+000

7.77084726012819e+005,-9.58010662083176e+000,-8.65111639289133e+000

7.87932424540735e+005,-9.57974357340733e+000,-8.77014968909858e+000

7.98931551297020e+005,-9.57936465099235e+000,-8.89086679760141e+000

8.10084220140968e+005,-9.57896950632021e+000,-9.01329193878637e+000

8.21392574440247e+005,-9.57855778274064e+000,-9.13744967599892e+000

8.32858787482825e+005,-9.57812911389530e+000,-9.26336492124943e+000

8.44485062894640e+005,-9.57768312338863e+000,-9.39106294104531e+000

8.56273635063099e+005,-9.57721942445400e+000,-9.52056936235042e+000

8.68226769566497e+005,-9.57673761961477e+000,-9.65191017867424e+000

8.80346763609423e+005,-9.57623730034060e+000,-9.78511175629352e+000

8.92635946464246e+005,-9.57571804669846e+000,-9.92020084060758e+000

9.05096679918768e+005,-9.57517942699899e+000,-1.00572045626305e+001

9.17731358730116e+005,-9.57462099743710e+000,-1.01961504456234e+001

9.30542411084985e+005,-9.57404230172762e+000,-1.03370664118677e+001

9.43532299066291e+005,-9.57344287073552e+000,-1.04799807895840e+001

9.56703519126347e+005,-9.57282222210045e+000,-1.06249223199989e+001

9.70058602566640e+005,-9.57217985985588e+000,-1.07719201645624e+001

9.83600116024313e+005,-9.57151527404239e+000,-1.09210039123202e+001

9.97330661965425e+005,-9.57082794031530e+000,-1.10722035874428e+001

1.01125287918511e+006,-9.57011731954621e+000,-1.12255496569178e+001

1.02536944331470e+006,-9.56938285741875e+000,-1.13810730384052e+001

1.03968306733597e+006,-9.56862398401791e+000,-1.15388051082634e+001

1.05419650210248e+006,-9.56784011341349e+000,-1.16987777097478e+001

1.06891253686830e+006,-9.56703064323706e+000,-1.18610231613866e+001

1.08383399982402e+006,-9.56619495425260e+000,-1.20255742655399e+001

1.09896375864031e+006,-9.56533240992057e+000,-1.21924643171440e+001

1.11430472101902e+006,-9.56444235595562e+000,-1.23617271126481e+001

1.12985983525202e+006,-9.56352411987757e+000,-1.25333969591476e+001

1.14563209078779e+006,-9.56257701055572e+000,-1.27075086837193e+001

1.16162451880595e+006,-9.56160031774660e+000,-1.28840976429646e+001

1.17784019279982e+006,-9.56059331162482e+000,-1.30631997327646e+001

1.19428222916709e+006,-9.55955524230719e+000,-1.32448513982558e+001

1.21095378780874e+006,-9.55848533937019e+000,-1.34290896440308e+001

1.22785807273632e+006,-9.55738281136064e+000,-1.36159520445699e+001

1.24499833268771e+006,-9.55624684529956e+000,-1.38054767549124e+001

1.26237786175148e+006,-9.55507660617952e+000,-1.39977025215722e+001

1.27999999999998e+006,-9.55387123645532e+000,-1.41926686937069e+001

1.29786813413122e+006,-9.55262985552800e+000,-1.43904152345465e+001

1.31598569811974e+006,-9.55135155922285e+000,-1.45909827330887e+001

1.33435617387661e+006,-9.55003541926069e+000,-1.47944124160718e+001

1.35298309191855e+006,-9.54868048272349e+000,-1.50007461602304e+001

1.37187003204643e+006,-9.54728577151378e+000,-1.52100265048430e+001

1.39102062403333e+006,-9.54585028180870e+000,-1.54222966645823e+001

1.41043854832204e+006,-9.54437298350840e+000,-1.56376005426752e+001

1.43012753673242e+006,-9.54285281967961e+000,-1.58559827443821e+001

1.45009137317860e+006,-9.54128870599429e+000,-1.60774885908073e+001

1.47033389439618e+006,-9.53967953016401e+000,-1.63021641330482e+001

1.49085899067960e+006,-9.53802415137060e+000,-1.65300561666947e+001

1.51167060662977e+006,-9.53632139969306e+000,-1.67612122466903e+001

1.53277274191220e+006,-9.53457007553175e+000,-1.69956807025650e+001

1.55416945202563e+006,-9.53276894903040e+000,-1.72335106540513e+001

1.57586484908147e+006,-9.53091675949636e+000,-1.74747520270964e+001

1.59786310259404e+006,-9.52901221481993e+000,-1.77194555702816e+001

1.62016844028193e+006,-9.52705399089358e+000,-1.79676728716623e+001

1.64278514888049e+006,-9.52504073103199e+000,-1.82194563760406e+001

1.66571757496565e+006,-9.52297104539356e+000,-1.84748594026854e+001

1.68897012578928e+006,-9.52084351040486e+000,-1.87339361635110e+001

1.71254727012620e+006,-9.51865666818863e+000,-1.89967417817327e+001

1.73645353913299e+006,-9.51640902599687e+000,-1.92633323110088e+001

1.76069352721884e+006,-9.51409905565031e+000,-1.95337647550880e+001

1.78527189292849e+006,-9.51172519298549e+000,-1.98080970879750e+001

1.81019335983753e+006,-9.50928583731098e+000,-2.00863882746323e+001

1.83546271746023e+006,-9.50677935087458e+000,-2.03686982922319e+001

1.86108482216997e+006,-9.50420405834319e+000,-2.06550881519753e+001

1.88706459813258e+006,-9.50155824629694e+000,-2.09456199214977e+001

1.91340703825269e+006,-9.49884016274025e+000,-2.12403567478747e+001

1.94011720513328e+006,-9.49604801663141e+000,-2.15393628812488e+001

1.96720023204862e+006,-9.49317997743313e+000,-2.18427036990934e+001

1.99466132393085e+006,-9.49023417468744e+000,-2.21504457311333e+001

2.02250575837021e+006,-9.48720869761592e+000,-2.24626566849418e+001

2.05073888662940e+006,-9.48410159475011e+000,-2.27794054722305e+001

2.07936613467193e+006,-9.48091087359388e+000,-2.31007622358556e+001

2.10839300420495e+006,-9.47763450032155e+000,-2.34267983775568e+001

2.13782507373659e+006,-9.47427039951531e+000,-2.37575865864516e+001

2.16766799964803e+006,-9.47081645394571e+000,-2.40932008683048e+001

2.19792751728061e+006,-9.46727050439944e+000,-2.44337165755927e+001

2.22860944203804e+006,-9.46363034955807e+000,-2.47792104383856e+001

2.25971967050404e+006,-9.45989374593361e+000,-2.51297605960669e+001

2.29126418157557e+006,-9.45605840786442e+000,-2.54854466299116e+001

2.32324903761189e+006,-9.45212200757771e+000,-2.58463495965461e+001

2.35568038559964e+006,-9.44808217532375e+000,-2.62125520623075e+001

2.38856445833418e+006,-9.44393649958800e+000,-2.65841381385289e+001

2.42190757561748e+006,-9.43968252738713e+000,-2.69611935177652e+001

2.45571614547263e+006,-9.43531776465606e+000,-2.73438055109862e+001

2.48999666537541e+006,-9.43083967673289e+000,-2.77320630857538e+001

2.52475572350295e+006,-9.42624568894940e+000,-2.81260569054047e+001

2.55999999999995e+006,-9.42153318733513e+000,-2.85258793692577e+001

2.59573626826243e+006,-9.41669951944382e+000,-2.89316246538649e+001

2.63197139623948e+006,-9.41174199531074e+000,-2.93433887553244e+001

2.66871234775322e+006,-9.40665788855117e+000,-2.97612695326709e+001

2.70596618383708e+006,-9.40144443760979e+000,-3.01853667523615e+001

2.74374006409286e+006,-9.39609884717182e+000,-3.06157821338694e+001

2.78204124806666e+006,-9.39061828974742e+000,-3.10526193963997e+001

2.82087709664407e+006,-9.38499990744134e+000,-3.14959843067369e+001

2.86025507346483e+006,-9.37924081392051e+000,-3.19459847282343e+001

2.90018274635719e+006,-9.37333809659312e+000,-3.24027306709513e+001

2.94066778879236e+006,-9.36728881901351e+000,-3.28663343429414e+001

2.98171798135919e+006,-9.36109002352748e+000,-3.33369102026935e+001

3.02334121325954e+006,-9.35473873417414e+000,-3.38145750127225e+001

3.06554548382440e+006,-9.34823195986098e+000,-3.42994478943021e+001

3.10833890405126e+006,-9.34156669782940e+000,-3.47916503833317e+001

3.15172969816293e+006,-9.33473993742920e+000,-3.52913064873176e+001

3.19572620518807e+006,-9.32774866422176e+000,-3.57985427434517e+001

3.24033688056386e+006,-9.32058986443146e+000,-3.63134882777584e+001

3.28557029776097e+006,-9.31326052976744e+000,-3.68362748652768e+001

3.33143514993129e+006,-9.30575766263735e+000,-3.73670369912380e+001

3.37794025157855e+006,-9.29807828177703e+000,-3.79059119131894e+001

3.42509454025238e+006,-9.29021942831989e+000,-3.84530397240071e+001

3.47290707826598e+006,-9.28217817233203e+000,-3.90085634157318e+001

3.52138705443768e+006,-9.27395161983922e+000,-3.95726289441484e+001

3.57054378585697e+006,-9.26553692037369e+000,-4.01453852940230e+001

3.62038671967506e+006,-9.25693127506900e+000,-4.07269845448924e+001

3.67092543492045e+006,-9.24813194533324e+000,-4.13175819372943e+001

3.72216964433992e+006,-9.23913626213101e+000,-4.19173359393040e+001

3.77412919626515e+006,-9.22994163590634e+000,-4.25264083132350e+001

3.82681407650537e+006,-9.22054556717874e+000,-4.31449641823338e+001

3.88023441026655e+006,-9.21094565784684e+000,-4.37731720972896e+001

3.93440046409724e+006,-9.20113962323353e+000,-4.44112041023508e+001

3.98932264786168e+006,-9.19112530490844e+000,-4.50592358008214e+001

4.04501151674041e+006,-9.18090068432300e+000,-4.57174464196864e+001

4.10147777325879e+006,-9.17046389729531e+000,-4.63860188730851e+001

4.15873226934385e+006,-9.15981324938067e+000,-4.70651398243272e+001

4.21678600840989e+006,-9.14894723216545e+000,-4.77549997461126e+001

4.27565014747317e+006,-9.13786454052060e+000,-4.84557929785856e+001

4.33533599929606e+006,-9.12656409085127e+000,-4.91677177848151e+001

4.39585503456121e+006,-9.11504504037848e+000,-4.98909764032610e+001

4.45721888407607e+006,-9.10330680748730e+000,-5.06257750967399e+001

4.51943934100807e+006,-9.09134909317519e+000,-5.13723241973653e+001

4.58252836315113e+006,-9.07917190363148e+000,-5.21308381468910e+001

4.64649807522377e+006,-9.06677557397757e+000,-5.29015355318378e+001

4.71136077119927e+006,-9.05416079319296e+000,-5.36846391127339e+001

4.77712891666836e+006,-9.04132863025058e+000,-5.44803758467457e+001

4.84381515123496e+006,-9.02828056147812e+000,-5.52889769029206e+001

4.91143229094526e+006,-9.01501849915928e+000,-5.61106776692054e+001

4.97999333075080e+006,-9.00154482137999e+000,-5.69457177503425e+001

5.04951144700590e+006,-8.98786240312023e+000,-5.77943409556858e+001

5.11999999999990e+006,-8.97397464858140e+000,-5.86567952759124e+001

5.19147253652485e+006,-8.95988552473091e+000,-5.95333328475412e+001

5.26394279247896e+006,-8.94559959603459e+000,-6.04242099041053e+001

5.33742469550644e+006,-8.93112206033404e+000,-6.13296867127551e+001

5.41193236767416e+006,-8.91645878581370e+000,-6.22500274950067e+001

5.48748012818571e+006,-8.90161634898496e+000,-6.31855003302825e+001

5.56408249613331e+006,-8.88660207359732e+000,-6.41363770408312e+001

5.64175419328813e+006,-8.87142407036777e+000,-6.51029330565550e+001

5.72051014692965e+006,-8.85609127739658e+000,-6.60854472582132e+001

5.80036549271437e+006,-8.84061350111329e+000,-6.70842017974335e+001

5.88133557758470e+006,-8.82500145757172e+000,-6.80994818919122e+001

5.96343596271837e+006,-8.80926681388173e+000,-6.91315755941627e+001

6.04668242651907e+006,-8.79342222953487e+000,-7.01807735321520e+001

6.13109096764879e+006,-8.77748139734746e+000,-7.12473686201626e+001

6.21667780810251e+006,-8.76145908370546e+000,-7.23316557382364e+001

6.30345939632584e+006,-8.74537116775854e+000,-7.34339313785895e+001

6.39145241037612e+006,-8.72923467916676e+000,-7.45544932574535e+001

6.48067376112770e+006,-8.71306783395942e+000,-7.56936398908828e+001

6.57114059552193e+006,-8.69689006801877e+000,-7.68516701331933e+001

6.66287029986256e+006,-8.68072206765269e+000,-7.80288826768499e+001

6.75588050315708e+006,-8.66458579666909e+000,-7.92255755128220e+001

6.85018908050475e+006,-8.64850451931477e+000,-8.04420453506632e+001

6.94581415653194e+006,-8.63250281838780e+000,-8.16785869978643e+001

7.04277410887534e+006,-8.61660660778241e+000,-8.29354926983731e+001

7.14108757171393e+006,-8.60084313867246e+000,-8.42130514305717e+001

7.24077343935009e+006,-8.58524099849253e+000,-8.55115481654710e+001

7.34185086984088e+006,-8.56983010182971e+000,-8.68312630864019e+001

7.44433928867983e+006,-8.55464167229744e+000,-8.81724707720851e+001

7.54825839253028e+006,-8.53970821442912e+000,-8.95354393456218e+001

7.65362815301072e+006,-8.52506347460096e+000,-9.09204295926821e+001

7.76046882053307e+006,-8.51074238997757e+000,-9.23276940529781e+001

7.86880092819446e+006,-8.49678102446569e+000,-9.37574760899732e+001

7.97864529572335e+006,-8.48321649067166e+000,-9.52100089447235e+001

8.09002303348081e+006,-8.47008685688018e+000,-9.66855147807336e+001

8.20295554651756e+006,-8.45743103811364e+000,-9.81842037277559e+001

8.31746453868768e+006,-8.44528867039388e+000,-9.97062729335371e+001

8.43357201681977e+006,-8.43369996741174e+000,-1.01251905633621e+002

8.55130029494632e+006,-8.42270555891809e+000,-1.02821270250423e+002

8.67067199859209e+006,-8.41234631028473e+000,-1.04414519533872e+002

8.79171006912241e+006,-8.40266312284483e+000,-1.06031789756993e+002

8.91443776815212e+006,-8.39369671481233e+000,-1.07673199980759e+002

9.03887868201611e+006,-8.38548738279835e+000,-1.09338851403456e+002

9.16505672630224e+006,-8.37807474418855e+000,-1.11028826810559e+002

9.29299615044753e+006,-8.37149746091927e+000,-1.12743190141727e+002

9.42272154239852e+006,-8.36579294548882e+000,-1.14481986191940e+002

9.55425783333670e+006,-8.36099705036051e+000,-1.16245240463982e+002

9.68763030246989e+006,-8.35714374225397e+000,-1.18032959189415e+002

9.82286458189050e+006,-8.35426476317253e+000,-1.19845129534811e+002

9.95998666150159e+006,-8.35238928037508e+000,-1.21681720009371e+002

1.00990228940118e+007,-8.35154352786129e+000,-1.23542681089013e+002

1.02399999999998e+007,-8.35175044229231e+000,-1.25427946070706e+002

1.03829450730497e+007,-8.35302929660807e+000,-1.27337432169101e+002

1.05278855849579e+007,-8.35539533491725e+000,-1.29271041865475e+002

1.06748493910128e+007,-8.35885941251843e+000,-1.31228664516644e+002

1.08238647353483e+007,-8.36342764515200e+000,-1.33210178228794e+002

1.09749602563714e+007,-8.36910107177586e+000,-1.35215451998292e+002

1.11281649922666e+007,-8.37587533529357e+000,-1.37244348118317e+002

1.12835083865762e+007,-8.38374038573769e+000,-1.39296724846884e+002

1.14410202938593e+007,-8.39268021041982e+000,-1.41372439328388e+002

1.16007309854287e+007,-8.40267259549658e+000,-1.43471350757377e+002

1.17626711551694e+007,-8.41368892327099e+000,-1.45593323769871e+002

1.19268719254367e+007,-8.42569400935184e+000,-1.47738232044303e+002

1.20933648530381e+007,-8.43864598353161e+000,-1.49905962091096e+002

1.22621819352976e+007,-8.45249621792796e+000,-1.52096417207138e+002

1.24333556162050e+007,-8.46718930556949e+000,-1.54309521568980e+002

1.26069187926517e+007,-8.48266309220519e+000,-1.56545224436500e+002

1.27829048207522e+007,-8.49884876369205e+000,-1.58803504437188e+002

1.29613475222554e+007,-8.51567099087948e+000,-1.61084373899946e+002

1.31422811910438e+007,-8.53304813347571e+000,-1.63387883206559e+002

1.33257405997251e+007,-8.55089250396624e+000,-1.65714125128573e+002

1.35117610063141e+007,-8.56911069226734e+000,-1.68063239117329e+002

1.37003781610095e+007,-8.58760395145584e+000,-1.70435415515134e+002

1.38916283130638e+007,-8.60626864462428e+000,-1.72830899656032e+002

1.40855482177507e+007,-8.62499675267994e+000,-1.75249995825221e+002

1.42821751434278e+007,-8.64367644273887e+000,-1.77693071046698e+002

1.44815468787002e+007,-8.66219269666593e+000,1.79839441330849e+002

1.46837017396817e+007,-8.68042799927092e+000,1.77347038279764e+002

1.48886785773596e+007,-8.69826308568754e+000,1.74829144000891e+002

1.50965167850605e+007,-8.71557774751997e+000,1.72285107123791e+002

1.53072563060214e+007,-8.73225169742524e+000,1.69714198232225e+002

1.55209376410661e+007,-8.74816549188558e+000,1.67115607749844e+002

1.57376018563889e+007,-8.76320151198678e+000,1.64488444224338e+002

1.59572905914467e+007,-8.77724500201842e+000,1.61831733052665e+002

1.61800460669616e+007,-8.79018516561384e+000,1.59144415695490e+002

1.64059110930351e+007,-8.80191631890023e+000,1.56425349435598e+002

1.66349290773753e+007,-8.81233909968067e+000,1.53673307742806e+002

1.68671440336395e+007,-8.82136173095937e+000,1.50886981316746e+002

1.71026005898926e+007,-8.82890133607962e+000,1.48064979888616e+002

1.73413439971842e+007,-8.83488530129673e+000,1.45205834873414e+002

1.75834201382448e+007,-8.83925267968052e+000,1.42308002974849e+002

1.78288755363042e+007,-8.84195562774581e+000,1.39369870855602e+002

1.80777573640322e+007,-8.84296086307071e+000,1.36389760995156e+002

1.83301134526044e+007,-8.84225112730175e+000,1.33365938865139e+002

1.85859923008950e+007,-8.83982663430688e+000,1.30296621556872e+002

1.88454430847970e+007,-8.83570647777912e+000,1.27179987996174e+002

1.91085156666734e+007,-8.82992996632351e+000,1.24014190874712e+002

1.93752606049397e+007,-8.82255784702748e+000,1.20797370413382e+002

1.96457291637810e+007,-8.81367337085267e+000,1.17527670049019e+002

1.99199733230031e+007,-8.80338314512362e+000,1.14203254098847e+002

2.01980457880235e+007,-8.79181771026871e+000,1.10822327404952e+002

2.04799999999995e+007,-8.77913177029568e+000,1.07383156891417e+002

2.07658901460993e+007,-8.76550399990884e+000,1.03884094877702e+002

2.10557711699157e+007,-8.75113634653794e+000,1.00323603882345e+002

2.13496987820257e+007,-8.73625274384912e+000,9.67002825212722e+001

2.16477294706965e+007,-8.72109715568282e+000,9.30128919570601e+001

2.19499205127428e+007,-8.70593087702819e+000,8.92603821936799e+001

2.22563299845331e+007,-8.69102903277734e+000,8.54419173429111e+001

2.25670167731524e+007,-8.67667623662525e+000,8.15568988241711e+001

2.28820405877185e+007,-8.66316140224469e+000,7.76049853126601e+001

2.32014619708574e+007,-8.65077173687476e+000,7.35861081380422e+001

2.35253423103387e+007,-8.63978599303946e+000,6.95004807758021e+001

2.38537438508734e+007,-8.63046710562405e+000,6.53486010846723e+001

2.41867297060762e+007,-8.62305439631444e+000,6.11312450428890e+001

2.45243638705951e+007,-8.61775558172042e+000,5.68494509356914e+001

2.48667112324099e+007,-8.61473887082689e+000,5.25044932511233e+001

2.52138375853033e+007,-8.61412547672643e+000,4.80978459456674e+001

2.55658096415044e+007,-8.61598289197703e+000,4.36311352288895e+001

2.59226950445107e+007,-8.62031928223185e+000,3.91060825589222e+001

2.62845623820876e+007,-8.62707933629337e+000,3.45244391003508e+001

2.66514811994501e+007,-8.63614187173634e+000,2.98879134288148e+001

2.70235220126282e+007,-8.64731943538031e+000,2.51980947275560e+001

2.74007563220189e+007,-8.66036006113875e+000,2.04563740705426e+001

2.77832566261276e+007,-8.67495126006281e+000,1.56638665960479e+001

2.81710964355012e+007,-8.69072622584357e+000,1.08213374305610e+001

2.85643502868556e+007,-8.70727215096259e+000,5.92913413017525e+000

2.89630937574003e+007,-8.72414047055919e+000,9.87128186813964e-001

2.93674034793634e+007,-8.74085878758890e+000,-4.00533216494123e+000

2.97773571547192e+007,-8.75694418618933e+000,-9.04945596464018e+000

3.01930335701210e+007,-8.77191760978600e+000,-1.41470288542710e+001

3.06145126120428e+007,-8.78531896313777e+000,-1.93004165344399e+001

3.10418752821322e+007,-8.79672258780596e+000,-2.45125514310259e+001

3.14752037127777e+007,-8.80575275153875e+000,-2.97869018489512e+001

3.19145811828933e+007,-8.81209877635777e+000,-3.51274230217178e+001

3.23600921339231e+007,-8.81552940080297e+000,-4.05384895673487e+001

3.28118221860701e+007,-8.81590592359044e+000,-4.60248089871437e+001

3.32698581547506e+007,-8.81319360655137e+000,-5.15913160669732e+001

3.37342880672789e+007,-8.80747072616959e+000,-5.72430484511936e+001

3.42052011797851e+007,-8.79893456313427e+000,-6.29850043541171e+001

3.46826879943682e+007,-8.78790352315796e+000,-6.88219844459290e+001

3.51668402764895e+007,-8.77481451324255e+000,-7.47584214670720e+001

3.56577510726083e+007,-8.76021468729067e+000,-8.07982031038591e+001

3.61555147280643e+007,-8.74474676162695e+000,-8.69444960296895e+001

3.66602269052088e+007,-8.72912732452820e+000,-9.31995815923394e+001

3.71719846017899e+007,-8.71411795769925e+000,-9.95647160748342e+001

3.76908861695939e+007,-8.70048956696078e+000,-1.06040030295898e+002

3.82170313333466e+007,-8.68898106766950e+000,-1.12624483961741e+002

3.87505212098794e+007,-8.68025442759597e+000,-1.19315889041717e+002

3.92914583275618e+007,-8.67484892833076e+000,-1.26111013065493e+002

3.98399466460062e+007,-8.67313821872896e+000,-1.33005767496668e+002

4.03960915760469e+007,-8.67529413876868e+000,-1.39995478564141e+002

4.09599999999989e+007,-8.68126125169029e+000,-1.47075228989207e+002

4.15317802921985e+007,-8.69074546508525e+000,-1.54240250222502e+002

4.21115423398314e+007,-8.70321907480105e+000,-1.61486337559222e+002

4.26993975640512e+007,-8.71794316094006e+000,-1.68810256098853e+002

4.32954589413930e+007,-8.73400671301761e+000,-1.76210104679532e+002

4.38998410254854e+007,-8.75038039640459e+000,1.76314392378376e+002

4.45126599690662e+007,-8.76598169079367e+000,1.68761690387699e+002

4.51340335463048e+007,-8.77974734030585e+000,1.61128343863297e+002

4.57640811754369e+007,-8.79070864994610e+000,1.53409050778916e+002

4.64029239417147e+007,-8.79806504379476e+000,1.45596825065346e+002

4.70506846206773e+007,-8.80125131263588e+000,1.37683295252025e+002

4.77074877017467e+007,-8.79999397432234e+000,1.29659122167160e+002

4.83734594121523e+007,-8.79435206708761e+000,1.21514523297425e+002

4.90487277411900e+007,-8.78473753026820e+000,1.13239884429150e+002

4.97334224648198e+007,-8.77191028570858e+000,1.04826429310635e+002

5.04276751706064e+007,-8.75694355696612e+000,9.62669047539331e+001

5.11316192830087e+007,-8.74115629789569e+000,8.75562226961455e+001

5.18453900890213e+007,-8.72601227751134e+000,7.86919851388680e+001

5.25691247641751e+007,-8.71298959877663e+000,6.96748076486747e+001

5.33029623989002e+007,-8.70342996903385e+000,6.05083587763071e+001

5.40470440252563e+007,-8.69838299432199e+000,5.11990524018330e+001

5.48015126440377e+007,-8.69846561893404e+000,4.17553702494835e+001

5.55665132522551e+007,-8.70375879245483e+000,3.21868489396904e+001

5.63421928710024e+007,-8.71376114555095e+000,2.25028290158120e+001

5.71287005737111e+007,-8.72741264362768e+000,1.27111166845404e+001

5.79261875148004e+007,-8.74319107999990e+000,2.81673765911527e+000

5.87348069587267e+007,-8.75927321388999e+000,-7.17904133862447e+000

5.95547143094383e+007,-8.77374290324423e+000,-1.72792816567800e+001

6.03860671402418e+007,-8.78482244212621e+000,-2.74914432361028e+001

6.12290252240854e+007,-8.79110079011494e+000,-3.78269250240994e+001

6.20837505642642e+007,-8.79173254814776e+000,-4.83000963623962e+001

6.29504074255552e+007,-8.78658302665772e+000,-5.89268861851874e+001

6.38291623657864e+007,-8.77629675892329e+000,-6.97230413310476e+001

6.47201842678461e+007,-8.76226982998021e+000,-8.07022167917064e+001

6.56236443721400e+007,-8.74651237328131e+000,-9.18741228072214e+001

6.65397163095010e+007,-8.73139924887250e+000,-1.03243016982547e+002

6.74685761345577e+007,-8.71932606268096e+000,-1.14806867225392e+002

6.84104023595701e+007,-8.71231290774957e+000,-1.26557483632934e+002

6.93653759887363e+007,-8.71162317289909e+000,-1.38481789985717e+002

7.03336805529788e+007,-8.71747902024514e+000,-1.50564176367626e+002

7.13155021452165e+007,-8.72894858459354e+000,-1.62789594497955e+002

7.23110294561284e+007,-8.74404934744651e+000,-1.75146821028513e+002

7.33204538104174e+007,-8.76006496242736e+000,1.72368785097786e+002

7.43439692035797e+007,-8.77402444460980e+000,1.59753627969611e+002

7.53817723391876e+007,-8.78325793164274e+000,1.46995702492301e+002

7.64340626666931e+007,-8.78592866748737e+000,1.34076009894220e+002

7.75010424197586e+007,-8.78144336024113e+000,1.20971405286579e+002

7.85829166551234e+007,-8.77065574663781e+000,1.07658495715118e+002

7.96798932920122e+007,-8.75579830283658e+000,9.41179953859621e+001

8.07921831520937e+007,-8.74010994638747e+000,8.03387321409278e+001

8.19199999999977e+007,-8.72718296051861e+000,6.63203352159128e+001

8.30635605843968e+007,-8.72013243865544e+000,5.20736552386972e+001

8.42230846796626e+007,-8.72077732434176e+000,3.76183361278668e+001

8.53987951281022e+007,-8.72907134930439e+000,2.29777176933476e+001

8.65909178827858e+007,-8.74299071918220e+000,8.17218604266364e+000

8.77996820509706e+007,-8.75896384802833e+000,-6.78721571729388e+000

8.90253199381321e+007,-8.77276060530041e+000,-2.19030207535450e+001

9.02680670926093e+007,-8.78061597832437e+000,-3.71920914808928e+001

9.15281623508736e+007,-8.78029501671813e+000,-5.26825050683886e+001

9.28058478834291e+007,-8.77181400914460e+000,-6.84071364320840e+001

9.41013692413544e+007,-8.75759275037655e+000,-8.43953116611844e+001

9.54149754034931e+007,-8.74191479926882e+000,-1.00664581233124e+002

9.67469188243043e+007,-8.72973446044596e+000,-1.17215132284021e+002

9.80974554823798e+007,-8.72509834251094e+000,-1.34029246453668e+002

9.94668449296393e+007,-8.72968113402835e+000,-1.51077006476298e+002

1.00855350341213e+008,-8.74202185030498e+000,-1.68327134884437e+002

1.02263238566017e+008,-8.75785925092563e+000,1.74240630856418e+002

1.03690780178042e+008,-8.77154122077329e+000,1.56626360069738e+002

1.05138249528350e+008,-8.77803950104364e+000,1.38807688308992e+002

1.06605924797800e+008,-8.77485764994239e+000,1.20745737209631e+002

1.08094088050512e+008,-8.76313490035337e+000,1.02397624007478e+002

1.09603025288075e+008,-8.74745778000595e+000,8.37316813972329e+001

1.11133026504510e+008,-8.73425820307923e+000,6.47399044265876e+001

1.12684385742004e+008,-8.72921337424586e+000,4.54418496257167e+001

1.14257401147422e+008,-8.73465382134007e+000,2.58765265332117e+001

1.15852375029601e+008,-8.74825515074262e+000,6.08416965251828e+000

1.17469613917453e+008,-8.76385027753437e+000,-1.39142752037232e+001

1.19109428618876e+008,-8.77415564599409e+000,-3.41298427602839e+001

1.20772134280483e+008,-8.77420277458147e+000,-5.46036702409420e+001

1.22458050448171e+008,-8.76388428978042e+000,-7.53905235470821e+001

1.24167501128528e+008,-8.74832935425273e+000,-9.65342561221712e+001

1.25900814851110e+008,-8.73563792345718e+000,-1.18046235034069e+002

1.27658324731572e+008,-8.73272654680668e+000,-1.39898720323995e+002

1.29440368535692e+008,-8.74133729107535e+000,-1.62039786788113e+002

1.31247288744280e+008,-8.75668231860497e+000,1.75575789685227e+002

1.33079432619002e+008,-8.76990467881639e+000,1.52957027237162e+002

1.34937152269115e+008,-8.77315651956393e+000,1.30067046729342e+002

1.36820804719140e+008,-8.76439251355239e+000,1.06840376830813e+002

1.38730751977472e+008,-8.74899135876785e+000,8.32190063062531e+001

1.40667361105957e+008,-8.73684509613476e+000,5.91872766054241e+001

1.42631004290433e+008,-8.73610288942409e+000,3.47826349723847e+001

1.44622058912256e+008,-8.74739622824032e+000,1.00704479064837e+001

1.46640907620835e+008,-8.76291785541734e+000,-1.49039933736200e+001

1.48687938407159e+008,-8.77161541052602e+000,-4.01525834868308e+001

1.50763544678375e+008,-8.76710408812919e+000,-6.57419765884542e+001

1.52868125333386e+008,-8.75267288460176e+000,-9.17505945086848e+001

1.55002084839517e+008,-8.73940216989443e+000,-1.18213006623607e+002

1.57165833310246e+008,-8.73790642014500e+000,-1.45093084057458e+002

1.59359786584024e+008,-8.74952531063605e+000,-1.72312947634512e+002

1.61584366304187e+008,-8.76461693050535e+000,1.60179192456497e+002

1.63839999999995e+008,-8.77030774958530e+000,1.32358620959461e+002

1.66127121168793e+008,-8.76157887255749e+000,1.04137415834104e+002

1.68446169359325e+008,-8.74618246841259e+000,7.54346105992501e+001

1.70797590256204e+008,-8.73834593039066e+000,4.62463229997359e+001

1.73181835765571e+008,-8.74561840542221e+000,1.66496815238336e+001

1.75599364101941e+008,-8.76099787028910e+000,-1.32735237152191e+001

1.78050639876264e+008,-8.76920242687941e+000,-4.35244819261686e+001

1.80536134185218e+008,-8.76185814486188e+000,-7.41958859692799e+001

1.83056324701747e+008,-8.74656452021293e+000,-1.05386382627282e+002

1.85611695766858e+008,-8.73974960990883e+000,-1.37101528975511e+002

1.88202738482708e+008,-8.74902641063339e+000,-1.69248011455079e+002

1.90829950806986e+008,-8.76396579623919e+000,1.58258837118706e+002

1.93493837648608e+008,-8.76733014345752e+000,1.25388993042472e+002

1.96194910964759e+008,-8.75511625584562e+000,9.20205494734830e+001

1.98933689859278e+008,-8.74209601810445e+000,5.80744966229110e+001

2.01710700682425e+008,-8.74455030566968e+000,2.36079488813706e+001

2.04526477132034e+008,-8.75940345099728e+000,-1.12594061689240e+001

2.07381560356084e+008,-8.76727073258498e+000,-4.65082712441699e+001

2.10276499056700e+008,-8.75765020882049e+000,-8.22589686054489e+001

2.13211849595600e+008,-8.74368057919095e+000,-1.18623268201258e+002

2.16188176101024e+008,-8.74502932317529e+000,-1.55556557885814e+002

2.19206050576150e+008,-8.75979301818627e+000,1.67076522776444e+002

2.22266053009019e+008,-8.76624630680430e+000,1.29295673839898e+002

2.25368771484008e+008,-8.75469838020862e+000,9.09595085635011e+001

2.28514802294843e+008,-8.74294903102976e+000,5.19642293517452e+001

2.31704750059200e+008,-8.74961283380307e+000,1.23981334769967e+001

2.34939227834906e+008,-8.76390090775399e+000,-2.76039922942906e+001

2.38218857237752e+008,-8.76221015806600e+000,-6.80949170838532e+001

2.41544268560966e+008,-8.74743235771286e+000,-1.09246573623931e+002

2.44916100896340e+008,-8.74518530442523e+000,-1.51071968138860e+002

2.48335002257056e+008,-8.75944539034240e+000,1.66591811465575e+002

2.51801629702220e+008,-8.76435731192190e+000,1.23780867736388e+002

2.55316649463144e+008,-8.75089565724775e+000,8.03177864887895e+001

2.58880737071383e+008,-8.74459550275674e+000,3.61223319443892e+001

2.62494577488559e+008,-8.75764437017044e+000,-8.64491134441901e+000

2.66158865238003e+008,-8.76415883512055e+000,-5.39075766468595e+001

2.69874304538230e+008,-8.75105773215068e+000,-9.98480917868075e+001

2.73641609438279e+008,-8.74547757927619e+000,-1.46559506979688e+002

2.77461503954944e+008,-8.75914997012432e+000,1.66135770145135e+002

2.81334722211914e+008,-8.76252769858056e+000,1.18293906325173e+002

2.85262008580865e+008,-8.74829942070621e+000,6.97023942859127e+001

2.89244117824512e+008,-8.74851621236260e+000,2.03263626608449e+001

2.93281815241668e+008,-8.76255488720181e+000,-2.96266458096911e+001

2.97375876814318e+008,-8.75753107509988e+000,-8.02060999670100e+001

3.01527089356749e+008,-8.74561219050600e+000,-1.31631050027646e+002

3.05736250666771e+008,-8.75582727792611e+000,1.76213020223531e+002

3.10004169679033e+008,-8.76261160465523e+000,1.23475712765910e+002

3.14331666620492e+008,-8.74891019151321e+000,6.99397996804995e+001

3.18719573168047e+008,-8.75022891554242e+000,1.55443706208483e+001

3.23168732608373e+008,-8.76288048957727e+000,-3.94785416812263e+001

3.27679999999989e+008,-8.75293646560580e+000,-9.52445522845279e+001

3.32254242337586e+008,-8.74776077175988e+000,-1.51938781360064e+002

3.36892338718649e+008,-8.76155487568156e+000,1.50665189998392e+002

3.41595180512407e+008,-8.75512171204275e+000,9.25449431112577e+001

3.46363671531142e+008,-8.74720665532350e+000,3.34577199402009e+001

3.51198728203881e+008,-8.76080934313910e+000,-2.63883711658267e+001

3.56101279752527e+008,-8.75508948209582e+000,-8.69775917417707e+001

3.61072268370436e+008,-8.74747470807916e+000,-1.48571045330124e+002

3.66112649403493e+008,-8.76104357285286e+000,1.49054086924336e+002

3.71223391533715e+008,-8.75260648354091e+000,8.58816027685925e+001

3.76405476965416e+008,-8.74828915322026e+000,2.16670605965151e+001

3.81659901613971e+008,-8.75994561033358e+000,-4.33124804300564e+001

3.86987675297216e+008,-8.74220047141684e+000,-1.09196879648672e+002

3.92389821929517e+008,-8.73963006173736e+000,-1.76185125529271e+002

3.97867379718556e+008,-8.75133998629419e+000,1.16041691226309e+002

4.03421401364849e+008,-8.74635280989609e+000,4.72932083608796e+001

4.09052954264066e+008,-8.75796891638519e+000,-2.24180221300200e+001

4.14763120712167e+008,-8.75330107088516e+000,-9.30126795982138e+001

4.20552998113398e+008,-8.75138924996205e+000,-1.64737052945379e+002

4.26423699191198e+008,-8.75990202426259e+000,1.22663281896875e+002

4.32376352202047e+008,-8.74863699656975e+000,4.89840742674467e+001

4.38412101152298e+008,-8.75931427059343e+000,-2.57401508128297e+001

4.44532106018038e+008,-8.75229163353293e+000,-1.01419630333752e+002

4.50737542968016e+008,-8.75442718807290e+000,-1.78289527964505e+002

4.57029604589685e+008,-8.75730281759381e+000,1.03914003533479e+002

4.63409500118400e+008,-8.75044363948185e+000,2.49000050812793e+001

4.69878455669810e+008,-8.75996542290345e+000,-5.51199898620826e+001

4.76437714475503e+008,-8.74921416137058e+000,-1.36311169410113e+002

4.83088537121932e+008,-8.76011126077791e+000,1.41374818102194e+002

4.89832201792680e+008,-8.74985912660852e+000,5.79394041279746e+001

4.96670004514110e+008,-8.75910591679932e+000,-2.67191452284840e+001

5.03603259404439e+008,-8.75098599550467e+000,-1.12478694052754e+002

5.10633298926288e+008,-8.75812304018520e+000,1.60468664486641e+002

5.17761474142765e+008,-8.75173446129964e+000,7.23056579613666e+001

5.24989154977117e+008,-8.75772133721591e+000,-1.71971035417958e+001

5.32317730476004e+008,-8.75179666858002e+000,-1.07840059531886e+002

5.39748609076458e+008,-8.75801734603925e+000,1.60145769395760e+002

5.47283218876557e+008,-8.75121617055349e+000,6.69457980604163e+001

5.54923007909887e+008,-8.75880987063802e+000,-2.76421448131912e+001

5.62669444423827e+008,-8.75038622922559e+000,-1.23480907308904e+002

5.70524017161728e+008,-8.75946352998410e+000,1.39296757034336e+002

5.78488235649024e+008,-8.75022789138509e+000,4.07323133115357e+001

5.86563630483336e+008,-8.75879760283626e+000,-5.91870638197267e+001

5.94751753628634e+008,-8.75203256822263e+000,-1.60559937612236e+002

6.03054178713497e+008,-8.75576637234056e+000,9.67434236021178e+001

6.11472501333541e+008,-8.75603162612866e+000,-7.49666579117461e+000

6.20008339358065e+008,-8.75160704339614e+000,-1.13086869084336e+002

6.28663333240983e+008,-8.75906898798424e+000,1.39777183470729e+002

6.37439146336093e+008,-8.75108536752264e+000,3.11603003038648e+001

6.46337465216745e+008,-8.75631207903282e+000,-7.89238994340669e+001

6.55359999999977e+008,-8.75639363216947e+000,1.69364065730906e+002

6.64508484675170e+008,-8.75097924834015e+000,5.61795953022096e+001

6.73784677437296e+008,-8.75836921886593e+000,-5.86173749646270e+001

6.83190361024813e+008,-8.75419617161740e+000,-1.75058776608028e+002

6.92727343062282e+008,-8.75186900846359e+000,6.69578231434063e+001

7.02397456407760e+008,-8.75854770468695e+000,-5.27271959480942e+001

7.12202559505052e+008,-8.75406200763842e+000,-1.74105203597071e+002

7.22144536740870e+008,-8.75154910659509e+000,6.28956086492738e+001

7.32225298806984e+008,-8.75785302282293e+000,-6.18601652703629e+001

7.42446783067428e+008,-8.75585717017452e+000,1.71604203611061e+002

7.52810953930830e+008,-8.75064010392678e+000,4.33645876974013e+001

7.63319803227940e+008,-8.75439129460533e+000,-8.66557408052770e+001

7.73975350594429e+008,-8.75665708750950e+000,1.41459584745629e+002

7.84779643859033e+008,-8.73982102066747e+000,7.69912963989670e+000

7.95734759437109e+008,-8.74952916876115e+000,-1.27904497508117e+002

8.06842802729695e+008,-8.75443119893303e+000,9.46604303018747e+001

8.18105908528131e+008,-8.75753343576083e+000,-4.47404764592683e+001

8.29526241424333e+008,-8.75542516232276e+000,1.73907597157062e+002

8.41105996226795e+008,-8.75214495242074e+000,3.06103388348519e+001

8.52847398382395e+008,-8.75243871487373e+000,-1.14674719771350e+002

8.64752704404093e+008,-8.75554823745856e+000,9.79953456688443e+001

8.76824202304595e+008,-8.75770372925339e+000,-5.14125539788797e+001

8.89064212036074e+008,-8.75700559812593e+000,1.57090080775176e+002

9.01475085936030e+008,-8.75456593316648e+000,3.49004270368145e+000

9.14059209179369e+008,-8.75250521748036e+000,-1.52240205080985e+002

9.26819000236798e+008,-8.75200920281494e+000,4.98614163252791e+001

9.39756911339618e+008,-8.75294352117231e+000,-1.10244074774016e+002

9.52875428951004e+008,-8.75451105807747e+000,8.74085599969355e+001

9.66177074243861e+008,-8.75597048456281e+000,-7.72113098813949e+001

9.79664403585357e+008,-8.75695210012690e+000,1.15867350473443e+002

9.93340009028218e+008,-8.75742545634690e+000,-5.33849063534532e+001

1.00000000000000e+009,-8.75215372207714e+000,-1.35814269889812e+002

