Freq.,VOut,OutRef

1.00000000000000e+004,-1.46751551051988e+001,-1.32355967619432e-001

1.01395947979003e+004,-1.46751563975702e+001,-1.34203326659636e-001

1.02811382665607e+004,-1.46751577262032e+001,-1.36076462784770e-001

1.04246576084112e+004,-1.46751590921132e+001,-1.37975735359838e-001

1.05701804056138e+004,-1.46751604963436e+001,-1.39901508747978e-001

1.07177346253629e+004,-1.46751619399673e+001,-1.41854152375921e-001

1.08673486252606e+004,-1.46751634240871e+001,-1.43834040805638e-001

1.10190511587661e+004,-1.46751649498365e+001,-1.45841553805366e-001

1.11728713807222e+004,-1.46751665183800e+001,-1.47877076424478e-001

1.13288388529580e+004,-1.46751681309154e+001,-1.49940999058608e-001

1.14869835499703e+004,-1.46751697886734e+001,-1.52033717529664e-001

1.16473358646846e+004,-1.46751714929188e+001,-1.54155633159694e-001

1.18099266142953e+004,-1.46751732449518e+001,-1.56307152843373e-001

1.19747870461893e+004,-1.46751750461092e+001,-1.58488689125925e-001

1.21419488439505e+004,-1.46751768977640e+001,-1.60700660285416e-001

1.23114441334492e+004,-1.46751788013283e+001,-1.62943490403581e-001

1.24833054890161e+004,-1.46751807582529e+001,-1.65217609450156e-001

1.26575659397028e+004,-1.46751827700292e+001,-1.67523453365428e-001

1.28342589756290e+004,-1.46751848381897e+001,-1.69861464137315e-001

1.30134185544193e+004,-1.46751869643099e+001,-1.72232089888231e-001

1.31950791077289e+004,-1.46751891500086e+001,-1.74635784956306e-001

1.33792755478611e+004,-1.46751913969498e+001,-1.77073009983619e-001

1.35660432744767e+004,-1.46751937068435e+001,-1.79544231999805e-001

1.37554181813974e+004,-1.46751960814472e+001,-1.82049924510333e-001

1.39474366635040e+004,-1.46751985225670e+001,-1.84590567586370e-001

1.41421356237309e+004,-1.46752010320593e+001,-1.87166647951343e-001

1.43395524801583e+004,-1.46752036118314e+001,-1.89778659076520e-001

1.45397251732031e+004,-1.46752062638440e+001,-1.92427101268633e-001

1.47426921729110e+004,-1.46752089901115e+001,-1.95112481765554e-001

1.49484924863494e+004,-1.46752117927046e+001,-1.97835314829743e-001

1.51571656651040e+004,-1.46752146737506e+001,-2.00596121846181e-001

1.53687518128801e+004,-1.46752176354359e+001,-2.03395431416597e-001

1.55832915932100e+004,-1.46752206800073e+001,-2.06233779458022e-001

1.58008262372675e+004,-1.46752238097736e+001,-2.09111709303661e-001

1.60213975517924e+004,-1.46752270271072e+001,-2.12029771804504e-001

1.62450479271247e+004,-1.46752303344459e+001,-2.14988525427818e-001

1.64718203453514e+004,-1.46752337342949e+001,-2.17988536363164e-001

1.67017583885674e+004,-1.46752372292281e+001,-2.21030378627627e-001

1.69349062472505e+004,-1.46752408218904e+001,-2.24114634169619e-001

1.71713087287550e+004,-1.46752445149995e+001,-2.27241892977967e-001

1.74110112659224e+004,-1.46752483113476e+001,-2.30412753190173e-001

1.76540599258131e+004,-1.46752522138040e+001,-2.33627821201987e-001

1.79005014185594e+004,-1.46752562253161e+001,-2.36887711780538e-001

1.81503831063432e+004,-1.46752603489130e+001,-2.40193048174444e-001

1.84037530124975e+004,-1.46752645877062e+001,-2.43544462231774e-001

1.86606598307361e+004,-1.46752689448928e+001,-2.46942594510766e-001

1.89211529345119e+004,-1.46752734237574e+001,-2.50388094402436e-001

1.91852823865052e+004,-1.46752780276741e+001,-2.53881620247248e-001

1.94530989482457e+004,-1.46752827601097e+001,-2.57423839452780e-001

1.97246540898671e+004,-1.46752876246256e+001,-2.61015428617352e-001

1.99999999999999e+004,-1.46752926248800e+001,-2.64657073655488e-001

2.02791895958005e+004,-1.46752977646313e+001,-2.68349469916950e-001

2.05622765331213e+004,-1.46753030477400e+001,-2.72093322318285e-001

2.08493152168224e+004,-1.46753084781721e+001,-2.75889345465862e-001

2.11403608112276e+004,-1.46753140600007e+001,-2.79738263789654e-001

2.14354692507258e+004,-1.46753197974105e+001,-2.83640811669458e-001

2.17346972505211e+004,-1.46753256946988e+001,-2.87597733570995e-001

2.20381023175322e+004,-1.46753317562804e+001,-2.91609784175229e-001

2.23457427614443e+004,-1.46753379866887e+001,-2.95677728521033e-001

2.26576777059159e+004,-1.46753443905806e+001,-2.99802342133114e-001

2.29739670999406e+004,-1.46753509727383e+001,-3.03984411169240e-001

2.32946717293690e+004,-1.46753577380733e+001,-3.08224732554446e-001

2.36198532285905e+004,-1.46753646916297e+001,-3.12524114125555e-001

2.39495740923785e+004,-1.46753718385871e+001,-3.16883374774928e-001

2.42838976879009e+004,-1.46753791842645e+001,-3.21303344595586e-001

2.46228882668982e+004,-1.46753867341242e+001,-3.25784865025594e-001

2.49666109780322e+004,-1.46753944937744e+001,-3.30328789001616e-001

2.53151318794055e+004,-1.46754024689742e+001,-3.34935981102950e-001

2.56685179512580e+004,-1.46754106656364e+001,-3.39607317708955e-001

2.60268371088386e+004,-1.46754190898315e+001,-3.44343687151444e-001

2.63901582154578e+004,-1.46754277477927e+001,-3.49145989865518e-001

2.67585510957221e+004,-1.46754366459186e+001,-3.54015138553329e-001

2.71320865489533e+004,-1.46754457907782e+001,-3.58952058338125e-001

2.75108363627948e+004,-1.46754551891150e+001,-3.63957686925934e-001

2.78948733270080e+004,-1.46754648478511e+001,-3.69032974769678e-001

2.82842712474618e+004,-1.46754747740917e+001,-3.74178885230255e-001

2.86791049603164e+004,-1.46754849751299e+001,-3.79396394744222e-001

2.90794503464061e+004,-1.46754954584510e+001,-3.84686492990611e-001

2.94853843458219e+004,-1.46755062317373e+001,-3.90050183059606e-001

2.98969849726987e+004,-1.46755173028729e+001,-3.95488481624566e-001

3.03143313302078e+004,-1.46755286799486e+001,-4.01002419114243e-001

3.07375036257601e+004,-1.46755403712667e+001,-4.06593039887332e-001

3.11665831864199e+004,-1.46755523853465e+001,-4.12261402409103e-001

3.16016524745350e+004,-1.46755647309290e+001,-4.18008579427653e-001

3.20427951035848e+004,-1.46755774169822e+001,-4.23835658157353e-001

3.24900958542493e+004,-1.46755904527073e+001,-4.29743740456007e-001

3.29436406907028e+004,-1.46756038475428e+001,-4.35733943011186e-001

3.34035167771346e+004,-1.46756176111711e+001,-4.41807397524729e-001

3.38698124945009e+004,-1.46756317535238e+001,-4.47965250899025e-001

3.43426174575100e+004,-1.46756462847873e+001,-4.54208665424988e-001

3.48220225318448e+004,-1.46756612154088e+001,-4.60538818974693e-001

3.53081198516260e+004,-1.46756765561024e+001,-4.66956905191620e-001

3.58010028371187e+004,-1.46756923178549e+001,-4.73464133683642e-001

3.63007662126863e+004,-1.46757085119316e+001,-4.80061730222324e-001

3.68075060249948e+004,-1.46757251498832e+001,-4.86750936935104e-001

3.73213196614721e+004,-1.46757422435518e+001,-4.93533012509231e-001

3.78423058690237e+004,-1.46757598050770e+001,-5.00409232388162e-001

3.83705647730104e+004,-1.46757778469025e+001,-5.07380888978081e-001

3.89061978964912e+004,-1.46757963817829e+001,-5.14449291848735e-001

3.94493081797342e+004,-1.46758154227902e+001,-5.21615767940614e-001

3.99999999999998e+004,-1.46758349833200e+001,-5.28881661773334e-001

4.05583791916010e+004,-1.46758550770991e+001,-5.36248335651986e-001

4.11245530662425e+004,-1.46758757181916e+001,-5.43717169881640e-001

4.16986304336447e+004,-1.46758969210063e+001,-5.51289562976623e-001

4.22807216224550e+004,-1.46759187003032e+001,-5.58966931876553e-001

4.28709385014515e+004,-1.46759410712010e+001,-5.66750712159797e-001

4.34693945010421e+004,-1.46759640491836e+001,-5.74642358263996e-001

4.40762046350642e+004,-1.46759876501075e+001,-5.82643343701976e-001

4.46914855228886e+004,-1.46760118902092e+001,-5.90755161282305e-001

4.53153554118317e+004,-1.46760367861116e+001,-5.98979323333314e-001

4.59479341998812e+004,-1.46760623548318e+001,-6.07317361924968e-001

4.65893434587380e+004,-1.46760886137882e+001,-6.15770829093311e-001

4.72397064571810e+004,-1.46761155808073e+001,-6.24341297067835e-001

4.78991481847569e+004,-1.46761432741316e+001,-6.33030358499033e-001

4.85677953758016e+004,-1.46761717124257e+001,-6.41839626687922e-001

4.92457765337964e+004,-1.46762009147847e+001,-6.50770735816974e-001

4.99332219560642e+004,-1.46762309007402e+001,-6.59825341181494e-001

5.06302637588109e+004,-1.46762616902682e+001,-6.69005119423317e-001

5.13370359025159e+004,-1.46762933037955e+001,-6.78311768767474e-001

5.20536742176771e+004,-1.46763257622067e+001,-6.87747009256973e-001

5.27803164309155e+004,-1.46763590868516e+001,-6.97312582989789e-001

5.35171021914442e+004,-1.46763932995509e+001,-7.07010254360774e-001

5.42641730979066e+004,-1.46764284226040e+001,-7.16841810298907e-001

5.50216727255895e+004,-1.46764644787944e+001,-7.26809060511645e-001

5.57897466540159e+004,-1.46765014913965e+001,-7.36913837726658e-001

5.65685424949235e+004,-1.46765394841820e+001,-7.47157997935684e-001

5.73582099206328e+004,-1.46765784814250e+001,-7.57543420642934e-001

5.81589006928121e+004,-1.46766185079087e+001,-7.68072009108981e-001

5.89707686916437e+004,-1.46766595889302e+001,-7.78745690600784e-001

5.97939699453972e+004,-1.46767017503059e+001,-7.89566416641351e-001

6.06286626604156e+004,-1.46767450183765e+001,-8.00536163261677e-001

6.14750072515201e+004,-1.46767894200116e+001,-8.11656931251044e-001

6.23331663728396e+004,-1.46768349826137e+001,-8.22930746413651e-001

6.32033049490698e+004,-1.46768817341229e+001,-8.34359659820663e-001

6.40855902071694e+004,-1.46769297030193e+001,-8.45945748070334e-001

6.49801917084985e+004,-1.46769789183272e+001,-8.57691113544220e-001

6.58872813814055e+004,-1.46770294096167e+001,-8.69597884668124e-001

6.68070335542691e+004,-1.46770812070069e+001,-8.81668216171752e-001

6.77396249890018e+004,-1.46771343411666e+001,-8.93904289353966e-001

6.86852349150199e+004,-1.46771888433157e+001,-9.06308312346907e-001

6.96440450636895e+004,-1.46772447452262e+001,-9.18882520381398e-001

7.06162397032520e+004,-1.46773020792210e+001,-9.31629176057622e-001

7.16020056742374e+004,-1.46773608781740e+001,-9.44550569613852e-001

7.26015324253724e+004,-1.46774211755079e+001,-9.57649019200563e-001

7.36150120499896e+004,-1.46774830051922e+001,-9.70926871154815e-001

7.46426393229441e+004,-1.46775464017400e+001,-9.84386500277991e-001

7.56846117380472e+004,-1.46776114002044e+001,-9.98030310114332e-001

7.67411295460207e+004,-1.46776780361727e+001,-1.01186073323683e+000

7.78123957929823e+004,-1.46777463457619e+001,-1.02588023152931e+000

7.88986163594682e+004,-1.46778163656108e+001,-1.04009129647811e+000

7.99999999999995e+004,-1.46778881328730e+001,-1.05449644946189e+000

8.11167583832018e+004,-1.46779616852076e+001,-1.06909824204944e+000

8.22491061324848e+004,-1.46780370607693e+001,-1.08389925629713e+000

8.33972608672892e+004,-1.46781142981973e+001,-1.09890210505531e+000

8.45614432449099e+004,-1.46781934366027e+001,-1.11410943227371e+000

8.57418770029029e+004,-1.46782745155552e+001,-1.12952391331676e+000

8.69387890020841e+004,-1.46783575750674e+001,-1.14514825528030e+000

8.81524092701283e+004,-1.46784426555789e+001,-1.16098519731560e+000

8.93829710457770e+004,-1.46785297979383e+001,-1.17703751095907e+000

9.06307108236633e+004,-1.46786190433837e+001,-1.19330800046826e+000

9.18958683997622e+004,-1.46787104335218e+001,-1.20979950316407e+000

9.31786869174758e+004,-1.46788040103056e+001,-1.22651488978156e+000

9.44794129143618e+004,-1.46788998160101e+001,-1.24345706482663e+000

9.57982963695136e+004,-1.46789978932060e+001,-1.26062896694389e+000

9.71355907516031e+004,-1.46790982847329e+001,-1.27803356928989e+000

9.84915530675926e+004,-1.46792010336693e+001,-1.29567387991956e+000

9.98664439121282e+004,-1.46793061833016e+001,-1.31355294218043e+000

1.01260527517622e+005,-1.46794137770906e+001,-1.33167383511824e+000

1.02674071805032e+005,-1.46795238586371e+001,-1.35003967389485e+000

1.04107348435354e+005,-1.46796364716441e+001,-1.36865361021831e+000

1.05560632861831e+005,-1.46797516598783e+001,-1.38751883278559e+000

1.07034204382888e+005,-1.46798694671290e+001,-1.40663856773835e+000

1.08528346195813e+005,-1.46799899371649e+001,-1.42601607913769e+000

1.10043345451179e+005,-1.46801131136888e+001,-1.44565466944891e+000

1.11579493308032e+005,-1.46802390402908e+001,-1.46555768004687e+000

1.13137084989847e+005,-1.46803677603983e+001,-1.48572849173762e+000

1.14716419841265e+005,-1.46804993172252e+001,-1.50617052529942e+000

1.16317801385624e+005,-1.46806337537176e+001,-1.52688724204177e+000

1.17941537383287e+005,-1.46807711124989e+001,-1.54788214438637e+000

1.19587939890794e+005,-1.46809114358116e+001,-1.56915877647035e+000

1.21257325320831e+005,-1.46810547654575e+001,-1.59072072477116e+000

1.22950014503040e+005,-1.46812011427359e+001,-1.61257161875549e+000

1.24666332745679e+005,-1.46813506083798e+001,-1.63471513155454e+000

1.26406609898139e+005,-1.46815032024902e+001,-1.65715498066486e+000

1.28171180414339e+005,-1.46816589644682e+001,-1.67989492867678e+000

1.29960383416997e+005,-1.46818179329459e+001,-1.70293878403125e+000

1.31774562762811e+005,-1.46819801457148e+001,-1.72629040180809e+000

1.33614067108538e+005,-1.46821456396533e+001,-1.74995368454350e+000

1.35479249978003e+005,-1.46823144506522e+001,-1.77393258308160e+000

1.37370469830040e+005,-1.46824866135386e+001,-1.79823109745917e+000

1.39288090127379e+005,-1.46826621619995e+001,-1.82285327782525e+000

1.41232479406504e+005,-1.46828411285030e+001,-1.84780322539656e+000

1.43204011348474e+005,-1.46830235442189e+001,-1.87308509345122e+000

1.45203064850745e+005,-1.46832094389396e+001,-1.89870308835911e+000

1.47230024099979e+005,-1.46833988409979e+001,-1.92466147065498e+000

1.49285278645888e+005,-1.46835917771874e+001,-1.95096455614865e+000

1.51369223476094e+005,-1.46837882726795e+001,-1.97761671708011e+000

1.53482259092041e+005,-1.46839883509430e+001,-2.00462238331567e+000

1.55624791585964e+005,-1.46841920336626e+001,-2.03198604358697e+000

1.57797232718936e+005,-1.46843993406577e+001,-2.05971224677892e+000

1.59999999999999e+005,-1.46846102898024e+001,-2.08780560325699e+000

1.62233516766403e+005,-1.46848248969465e+001,-2.11627078624585e+000

1.64498212264969e+005,-1.46850431758375e+001,-2.14511253325201e+000

1.66794521734578e+005,-1.46852651380439e+001,-2.17433564753512e+000

1.69122886489819e+005,-1.46854907928813e+001,-2.20394499962544e+000

1.71483754005805e+005,-1.46857201473396e+001,-2.23394552889160e+000

1.73877578004168e+005,-1.46859532060131e+001,-2.26434224515500e+000

1.76304818540256e+005,-1.46861899710337e+001,-2.29514023035370e+000

1.78765942091554e+005,-1.46864304420070e+001,-2.32634464025344e+000

1.81261421647326e+005,-1.46866746159517e+001,-2.35796070620855e+000

1.83791736799524e+005,-1.46869224872432e+001,-2.38999373696831e+000

1.86357373834951e+005,-1.46871740475615e+001,-2.42244912053301e+000

1.88958825828723e+005,-1.46874292858427e+001,-2.45533232605554e+000

1.91596592739027e+005,-1.46876881882370e+001,-2.48864890578807e+000

1.94271181503206e+005,-1.46879507380702e+001,-2.52240449707615e+000

1.96983106135185e+005,-1.46882169158120e+001,-2.55660482439316e+000

1.99732887824256e+005,-1.46884866990501e+001,-2.59125570142013e+000

2.02521055035243e+005,-1.46887600624693e+001,-2.62636303316573e+000

2.05348143610063e+005,-1.46890369778391e+001,-2.66193281812415e+000

2.08214696870707e+005,-1.46893174140065e+001,-2.69797115047320e+000

2.11121265723661e+005,-1.46896013368970e+001,-2.73448422230580e+000

2.14068408765776e+005,-1.46898887095219e+001,-2.77147832589674e+000

2.17056692391625e+005,-1.46901794919946e+001,-2.80895985599929e+000

2.20086690902357e+005,-1.46904736415538e+001,-2.84693531217170e+000

2.23158986616063e+005,-1.46907711125952e+001,-2.88541130112948e+000

2.26274169979693e+005,-1.46910718567111e+001,-2.92439453912238e+000

2.29432839682530e+005,-1.46913758227389e+001,-2.96389185433108e+000

2.32635602771247e+005,-1.46916829568178e+001,-3.00391018928241e+000

2.35883074766574e+005,-1.46919932024545e+001,-3.04445660328040e+000

2.39175879781588e+005,-1.46923065005970e+001,-3.08553827484873e+000

2.42514650641661e+005,-1.46926227897175e+001,-3.12716250418242e+000

2.45900029006080e+005,-1.46929420059045e+001,-3.16933671560473e+000

2.49332665491357e+005,-1.46932640829625e+001,-3.21206846002844e+000

2.52813219796278e+005,-1.46935889525210e+001,-3.25536541741551e+000

2.56342360828676e+005,-1.46939165441524e+001,-3.29923539923249e+000

2.59920766833993e+005,-1.46942467854969e+001,-3.34368635090131e+000

2.63549125525621e+005,-1.46945796023971e+001,-3.38872635423853e+000

2.67228134217075e+005,-1.46949149190392e+001,-3.43436362988254e+000

2.70958499956006e+005,-1.46952526581029e+001,-3.48060653970468e+000

2.74740939660078e+005,-1.46955927409182e+001,-3.52746358920303e+000

2.78576180254757e+005,-1.46959350876290e+001,-3.57494342987352e+000

2.82464958813007e+005,-1.46962796173638e+001,-3.62305486155842e+000

2.86408022696948e+005,-1.46966262484126e+001,-3.67180683476834e+000

2.90406129701488e+005,-1.46969748984097e+001,-3.72120845297654e+000

2.94460048199957e+005,-1.46973254845215e+001,-3.77126897488277e+000

2.98570557291775e+005,-1.46976779236398e+001,-3.82199781664451e+000

3.02738446952187e+005,-1.46980321325791e+001,-3.87340455407657e+000

3.06964518184081e+005,-1.46983880282783e+001,-3.92549892481428e+000

3.11249583171928e+005,-1.46987455280050e+001,-3.97829083044090e+000

3.15594465437872e+005,-1.46991045495636e+001,-4.03179033858039e+000

3.19999999999997e+005,-1.46994650115046e+001,-4.08600768495115e+000

3.24467033532806e+005,-1.46998268333369e+001,-4.14095327538237e+000

3.28996424529938e+005,-1.47001899357396e+001,-4.19663768779576e+000

3.33589043469155e+005,-1.47005542407761e+001,-4.25307167414713e+000

3.38245772979638e+005,-1.47009196721064e+001,-4.31026616233393e+000

3.42967508011610e+005,-1.47012861552004e+001,-4.36823225806603e+000

3.47755156008335e+005,-1.47016536175492e+001,-4.42698124670356e+000

3.52609637080511e+005,-1.47020219888745e+001,-4.48652459506114e+000

3.57531884183106e+005,-1.47023912013365e+001,-4.54687395318121e+000

3.62522843294651e+005,-1.47027611897383e+001,-4.60804115607819e+000

3.67583473599047e+005,-1.47031318917278e+001,-4.67003822545612e+000

3.72714747669902e+005,-1.47035032479954e+001,-4.73287737140102e+000

3.77917651657445e+005,-1.47038752024672e+001,-4.79657099405288e+000

3.83193185478053e+005,-1.47042477024949e+001,-4.86113168525623e+000

3.88542363006410e+005,-1.47046206990393e+001,-4.92657223019817e+000

3.93966212270369e+005,-1.47049941468494e+001,-4.99290560902944e+000

3.99465775648511e+005,-1.47053680046356e+001,-5.06014499848027e+000

4.05042110070485e+005,-1.47057422352371e+001,-5.12830377346726e+000

4.10696287220124e+005,-1.47061168057830e+001,-5.19739550869872e+000

4.16429393741414e+005,-1.47064916878473e+001,-5.26743398028263e+000

4.22242531447321e+005,-1.47068668575969e+001,-5.33843316733737e+000

4.28136817531551e+005,-1.47072422959340e+001,-5.41040725361322e+000

4.34113384783250e+005,-1.47076179886300e+001,-5.48337062912585e+000

4.40173381804713e+005,-1.47079939264549e+001,-5.55733789180557e+000

4.46317973232124e+005,-1.47083701052973e+001,-5.63232384916889e+000

4.52548339959385e+005,-1.47087465262803e+001,-5.70834352001194e+000

4.58865679365059e+005,-1.47091231958682e+001,-5.78541213613380e+000

4.65271205542494e+005,-1.47095001259683e+001,-5.86354514409002e+000

4.71766149533147e+005,-1.47098773340256e+001,-5.94275820698287e+000

4.78351759563174e+005,-1.47102548431105e+001,-6.02306720628914e+000

4.85029301283321e+005,-1.47106326820015e+001,-6.10448824373068e+000

4.91800058012158e+005,-1.47110108852611e+001,-6.18703764319158e+000

4.98665330982714e+005,-1.47113894933059e+001,-6.27073195268274e+000

5.05626439592555e+005,-1.47117685524723e+001,-6.35558794635897e+000

5.12684721657352e+005,-1.47121481150753e+001,-6.44162262659130e+000

5.19841533667984e+005,-1.47125282394643e+001,-6.52885322609690e+000

5.27098251051240e+005,-1.47129089900730e+001,-6.61729721012865e+000

5.34456268434150e+005,-1.47132904374654e+001,-6.70697227872851e+000

5.41916999912011e+005,-1.47136726583788e+001,-6.79789636904475e+000

5.49481879320155e+005,-1.47140557357620e+001,-6.89008765771781e+000

5.57152360509512e+005,-1.47144397588118e+001,-6.98356456333416e+000

5.64929917626012e+005,-1.47148248230058e+001,-7.07834574895160e+000

5.72816045393895e+005,-1.47152110301329e+001,-7.17445012469750e+000

5.80812259402975e+005,-1.47155984883233e+001,-7.27189685044084e+000

5.88920096399912e+005,-1.47159873120749e+001,-7.37070533853937e+000

5.97141114583549e+005,-1.47163776222807e+001,-7.47089525666421e+000

6.05476893904373e+005,-1.47167695462539e+001,-7.57248653070120e+000

6.13929036368161e+005,-1.47171632177539e+001,-7.67549934773078e+000

6.22499166343855e+005,-1.47175587770118e+001,-7.77995415908800e+000

6.31188930875742e+005,-1.47179563707568e+001,-7.88587168350031e+000

6.39999999999992e+005,-1.47183561522429e+001,-7.99327291030785e+000

6.48934067065610e+005,-1.47187582812782e+001,-8.10217910276181e+000

6.57992849059874e+005,-1.47191629242543e+001,-8.21261180140566e+000

6.67178086938309e+005,-1.47195702541791e+001,-8.32459282753536e+000

6.76491545959274e+005,-1.47199804507114e+001,-8.43814428674113e+000

6.85935016023218e+005,-1.47203937001983e+001,-8.55328857252973e+000

6.95510312016668e+005,-1.47208101957156e+001,-8.67004837002743e+000

7.05219274161021e+005,-1.47212301371125e+001,-8.78844665976193e+000

7.15063768366211e+005,-1.47216537310586e+001,-8.90850672152585e+000

7.25045686589301e+005,-1.47220811910965e+001,-9.03025213831797e+000

7.35166947198092e+005,-1.47225127376979e+001,-9.15370680036380e+000

7.45429495339801e+005,-1.47229485983239e+001,-9.27889490921524e+000

7.55835303314889e+005,-1.47233890074922e+001,-9.40584098192668e+000

7.66386370956104e+005,-1.47238342068468e+001,-9.53456985530929e+000

7.77084726012819e+005,-1.47242844452356e+001,-9.66510669026089e+000

7.87932424540735e+005,-1.47247399787919e+001,-9.79747697617244e+000

7.98931551297020e+005,-1.47252010710231e+001,-9.93170653540879e+000

8.10084220140968e+005,-1.47256679929046e+001,-1.00678215278640e+001

8.21392574440247e+005,-1.47261410229809e+001,-1.02058484555906e+001

8.32858787482825e+005,-1.47266204474725e+001,-1.03458141675007e+001

8.44485062894640e+005,-1.47271065603900e+001,-1.04877458641405e+001

8.56273635063099e+005,-1.47275996636552e+001,-1.06316711025342e+001

8.68226769566497e+005,-1.47281000672294e+001,-1.07776178010997e+001

8.80346763609423e+005,-1.47286080892481e+001,-1.09256142446341e+001

8.92635946464246e+005,-1.47291240561647e+001,-1.10756890893670e+001

9.05096679918768e+005,-1.47296483029006e+001,-1.12278713680822e+001

9.17731358730116e+005,-1.47301811730034e+001,-1.13821904953075e+001

9.30542411084985e+005,-1.47307230188135e+001,-1.15386762725701e+001

9.43532299066291e+005,-1.47312742016378e+001,-1.16973588937187e+001

9.56703519126347e+005,-1.47318350919331e+001,-1.18582689503091e+001

9.70058602566640e+005,-1.47324060694961e+001,-1.20214374370559e+001

9.83600116024313e+005,-1.47329875236632e+001,-1.21868957573466e+001

9.97330661965425e+005,-1.47335798535185e+001,-1.23546757288186e+001

1.01125287918511e+006,-1.47341834681102e+001,-1.25248095889986e+001

1.02536944331470e+006,-1.47347987866763e+001,-1.26973300010028e+001

1.03968306733597e+006,-1.47354262388796e+001,-1.28722700592982e+001

1.05419650210248e+006,-1.47360662650505e+001,-1.30496632955236e+001

1.06891253686830e+006,-1.47367193164407e+001,-1.32295436843693e+001

1.08383399982402e+006,-1.47373858554851e+001,-1.34119456495156e+001

1.09896375864031e+006,-1.47380663560736e+001,-1.35969040696291e+001

1.11430472101902e+006,-1.47387613038325e+001,-1.37844542844150e+001

1.12985983525202e+006,-1.47394711964156e+001,-1.39746321007272e+001

1.14563209078779e+006,-1.47401965438049e+001,-1.41674737987312e+001

1.16162451880595e+006,-1.47409378686220e+001,-1.43630161381242e+001

1.17784019279982e+006,-1.47416957064485e+001,-1.45612963644074e+001

1.19428222916709e+006,-1.47424706061577e+001,-1.47623522152116e+001

1.21095378780874e+006,-1.47432631302559e+001,-1.49662219266745e+001

1.22785807273632e+006,-1.47440738552347e+001,-1.51729442398698e+001

1.24499833268771e+006,-1.47449033719333e+001,-1.53825584072865e+001

1.26237786175148e+006,-1.47457522859123e+001,-1.55951041993568e+001

1.27999999999998e+006,-1.47466212178378e+001,-1.58106219110325e+001

1.29786813413122e+006,-1.47475108038767e+001,-1.60291523684091e+001

1.31598569811974e+006,-1.47484216961034e+001,-1.62507369353963e+001

1.33435617387661e+006,-1.47493545629171e+001,-1.64754175204318e+001

1.35298309191855e+006,-1.47503100894713e+001,-1.67032365832413e+001

1.37187003204643e+006,-1.47512889781146e+001,-1.69342371416391e+001

1.39102062403333e+006,-1.47522919488428e+001,-1.71684627783707e+001

1.41043854832204e+006,-1.47533197397636e+001,-1.74059576479956e+001

1.43012753673242e+006,-1.47543731075724e+001,-1.76467664838076e+001

1.45009137317860e+006,-1.47554528280414e+001,-1.78909346047923e+001

1.47033389439618e+006,-1.47565596965195e+001,-1.81385079226204e+001

1.49085899067960e+006,-1.47576945284460e+001,-1.83895329486735e+001

1.51167060662977e+006,-1.47588581598760e+001,-1.86440568011015e+001

1.53277274191220e+006,-1.47600514480187e+001,-1.89021272119110e+001

1.55416945202563e+006,-1.47612752717888e+001,-1.91637925340798e+001

1.57586484908147e+006,-1.47625305323703e+001,-1.94291017486984e+001

1.59786310259404e+006,-1.47638181537942e+001,-1.96981044721334e+001

1.62016844028193e+006,-1.47651390835284e+001,-1.99708509632135e+001

1.64278514888049e+006,-1.47664942930816e+001,-2.02473921304329e+001

1.66571757496565e+006,-1.47678847786211e+001,-2.05277795391709e+001

1.68897012578928e+006,-1.47693115616027e+001,-2.08120654189245e+001

1.71254727012620e+006,-1.47707756894158e+001,-2.11003026705516e+001

1.73645353913299e+006,-1.47722782360414e+001,-2.13925448735219e+001

1.76069352721884e+006,-1.47738203027243e+001,-2.16888462931701e+001

1.78527189292849e+006,-1.47754030186587e+001,-2.19892618879516e+001

1.81019335983753e+006,-1.47770275416889e+001,-2.22938473166948e+001

1.83546271746023e+006,-1.47786950590227e+001,-2.26026589458465e+001

1.86108482216997e+006,-1.47804067879599e+001,-2.29157538567077e+001

1.88706459813258e+006,-1.47821639766344e+001,-2.32331898526539e+001

1.91340703825269e+006,-1.47839679047707e+001,-2.35550254663380e+001

1.94011720513328e+006,-1.47858198844542e+001,-2.38813199668701e+001

1.96720023204862e+006,-1.47877212609162e+001,-2.42121333669678e+001

1.99466132393085e+006,-1.47896734133321e+001,-2.45475264300764e+001

2.02250575837021e+006,-1.47916777556343e+001,-2.48875606774503e+001

2.05073888662940e+006,-1.47937357373386e+001,-2.52322983951913e+001

2.07936613467193e+006,-1.47958488443846e+001,-2.55818026412399e+001

2.10839300420495e+006,-1.47980185999897e+001,-2.59361372523108e+001

2.13782507373659e+006,-1.48002465655159e+001,-2.62953668507698e+001

2.16766799964803e+006,-1.48025343413514e+001,-2.66595568514441e+001

2.19792751728061e+006,-1.48048835678030e+001,-2.70287734683596e+001

2.22860944203804e+006,-1.48072959260035e+001,-2.74030837213994e+001

2.25971967050404e+006,-1.48097731388293e+001,-2.77825554428756e+001

2.29126418157557e+006,-1.48123169718320e+001,-2.81672572840074e+001

2.32324903761189e+006,-1.48149292341802e+001,-2.85572587212988e+001

2.35568038559964e+006,-1.48176117796129e+001,-2.89526300628070e+001

2.38856445833418e+006,-1.48203665074035e+001,-2.93534424542939e+001

2.42190757561748e+006,-1.48231953633342e+001,-2.97597678852526e+001

2.45571614547263e+006,-1.48261003406791e+001,-3.01716791948002e+001

2.48999666537541e+006,-1.48290834811964e+001,-3.05892500774274e+001

2.52475572350295e+006,-1.48321468761289e+001,-3.10125550885972e+001

2.55999999999995e+006,-1.48352926672108e+001,-3.14416696501809e+001

2.59573626826243e+006,-1.48385230476813e+001,-3.18766700557244e+001

2.63197139623948e+006,-1.48418402633033e+001,-3.23176334755322e+001

2.66871234775322e+006,-1.48452466133860e+001,-3.27646379615606e+001

2.70596618383708e+006,-1.48487444518106e+001,-3.32177624521084e+001

2.74374006409286e+006,-1.48523361880577e+001,-3.36770867762952e+001

2.78204124806666e+006,-1.48560242882346e+001,-3.41426916583148e+001

2.82087709664407e+006,-1.48598112761023e+001,-3.46146587214527e+001

2.86025507346483e+006,-1.48636997340984e+001,-3.50930704918581e+001

2.90018274635719e+006,-1.48676923043565e+001,-3.55780104020542e+001

2.94066778879236e+006,-1.48717916897191e+001,-3.60695627941790e+001

2.98171798135919e+006,-1.48760006547414e+001,-3.65678129229408e+001

3.02334121325954e+006,-1.48803220266857e+001,-3.70728469582781e+001

3.06554548382440e+006,-1.48847586965020e+001,-3.75847519877097e+001

3.10833890405126e+006,-1.48893136197942e+001,-3.81036160183627e+001

3.15172969816293e+006,-1.48939898177679e+001,-3.86295279786645e+001

3.19572620518807e+006,-1.48987903781581e+001,-3.91625777196872e+001

3.24033688056386e+006,-1.49037184561328e+001,-3.97028560161283e+001

3.28557029776097e+006,-1.49087772751707e+001,-4.02504545669169e+001

3.33143514993129e+006,-1.49139701279078e+001,-4.08054659954312e+001

3.37794025157855e+006,-1.49193003769514e+001,-4.13679838493126e+001

3.42509454025238e+006,-1.49247714556561e+001,-4.19381025998643e+001

3.47290707826598e+006,-1.49303868688585e+001,-4.25159176410219e+001

3.52138705443768e+006,-1.49361501935663e+001,-4.31015252878799e+001

3.57054378585697e+006,-1.49420650795969e+001,-4.36950227747658e+001

3.62038671967506e+006,-1.49481352501620e+001,-4.42965082528439e+001

3.67092543492045e+006,-1.49543645023907e+001,-4.49060807872413e+001

3.72216964433992e+006,-1.49607567077885e+001,-4.55238403536812e+001

3.77412919626515e+006,-1.49673158126249e+001,-4.61498878346146e+001

3.82681407650537e+006,-1.49740458382440e+001,-4.67843250148367e+001

3.88023441026655e+006,-1.49809508812921e+001,-4.74272545765816e+001

3.93440046409724e+006,-1.49880351138556e+001,-4.80787800940840e+001

3.98932264786168e+006,-1.49953027835022e+001,-4.87390060275993e+001

4.04501151674041e+006,-1.50027582132180e+001,-4.94080377168770e+001

4.10147777325879e+006,-1.50104058012337e+001,-5.00859813740800e+001

4.15873226934385e+006,-1.50182500207301e+001,-5.07729440761453e+001

4.21678600840989e+006,-1.50262954194168e+001,-5.14690337565833e+001

4.27565014747317e+006,-1.50345466189736e+001,-5.21743591967142e+001

4.33533599929606e+006,-1.50430083143456e+001,-5.28890300163422e+001

4.39585503456121e+006,-1.50516852728837e+001,-5.36131566638688e+001

4.45721888407607e+006,-1.50605823333183e+001,-5.43468504058508e+001

4.51943934100807e+006,-1.50697044045583e+001,-5.50902233160099e+001

4.58252836315113e+006,-1.50790564643021e+001,-5.58433882637036e+001

4.64649807522377e+006,-1.50886435574505e+001,-5.66064589018689e+001

4.71136077119927e+006,-1.50984707943104e+001,-5.73795496544561e+001

4.77712891666836e+006,-1.51085433485748e+001,-5.81627757033710e+001

4.84381515123496e+006,-1.51188664550694e+001,-5.89562529749489e+001

4.91143229094526e+006,-1.51294454072499e+001,-5.97600981259848e+001

4.97999333075080e+006,-1.51402855544385e+001,-6.05744285293559e+001

5.04951144700590e+006,-1.51513922987844e+001,-6.13993622592666e+001

5.11999999999990e+006,-1.51627710919342e+001,-6.22350180761605e+001

5.19147253652485e+006,-1.51744274313979e+001,-6.30815154113435e+001

5.26394279247896e+006,-1.51863668565945e+001,-6.39389743513716e+001

5.33742469550644e+006,-1.51985949445613e+001,-6.48075156222586e+001

5.41193236767416e+006,-1.52111173053129e+001,-6.56872605735715e+001

5.48748012818571e+006,-1.52239395768305e+001,-6.65783311624808e+001

5.56408249613331e+006,-1.52370674196676e+001,-6.74808499378489e+001

5.64175419328813e+006,-1.52505065111537e+001,-6.83949400244390e+001

5.72051014692965e+006,-1.52642625391792e+001,-6.93207251073413e+001

5.80036549271437e+006,-1.52783411955442e+001,-7.02583294167206e+001

5.88133557758470e+006,-1.52927481688537e+001,-7.12078777129946e+001

5.96343596271837e+006,-1.53074891369419e+001,-7.21694952725698e+001

6.04668242651907e+006,-1.53225697588071e+001,-7.31433078742635e+001

6.13109096764879e+006,-1.53379956660414e+001,-7.41294417865570e+001

6.21667780810251e+006,-1.53537724537355e+001,-7.51280237558336e+001

6.30345939632584e+006,-1.53699056708438e+001,-7.61391809957684e+001

6.39145241037612e+006,-1.53864008099911e+001,-7.71630411780460e+001

6.48067376112770e+006,-1.54032632967053e+001,-7.81997324245988e+001

6.57114059552193e+006,-1.54204984780603e+001,-7.92493833015685e+001

6.66287029986256e+006,-1.54381116107133e+001,-8.03121228152082e+001

6.75588050315708e+006,-1.54561078483225e+001,-8.13880804099578e+001

6.85018908050475e+006,-1.54744922283314e+001,-8.24773859689360e+001

6.94581415653194e+006,-1.54932696581067e+001,-8.35801698171119e+001

7.04277410887534e+006,-1.55124449004200e+001,-8.46965627274303e+001

7.14108757171393e+006,-1.55320225582622e+001,-8.58266959301833e+001

7.24077343935009e+006,-1.55520070589820e+001,-8.69707011259322e+001

7.34185086984088e+006,-1.55724026377441e+001,-8.81287105023072e+001

7.44433928867983e+006,-1.55932133202998e+001,-8.93008567550184e+001

7.54825839253028e+006,-1.56144429050709e+001,-9.04872731134386e+001

7.65362815301072e+006,-1.56360949445436e+001,-9.16880933711238e+001

7.76046882053307e+006,-1.56581727259793e+001,-9.29034519216638e+001

7.86880092819446e+006,-1.56806792514440e+001,-9.41334838002621e+001

7.97864529572335e+006,-1.57036172171692e+001,-9.53783247314679e+001

8.09002303348081e+006,-1.57269889922536e+001,-9.66381111834919e+001

8.20295554651756e+006,-1.57507965967249e+001,-9.79129804295571e+001

8.31746453868768e+006,-1.57750416789787e+001,-9.92030706167472e+001

8.43357201681977e+006,-1.57997254926229e+001,-1.00508520842831e+002

8.55130029494632e+006,-1.58248488727545e+001,-1.01829471241554e+002

8.67067199859209e+006,-1.58504122117037e+001,-1.03166063076894e+002

8.79171006912241e+006,-1.58764154342859e+001,-1.04518438846800e+002

8.91443776815212e+006,-1.59028579726063e+001,-1.05886742396934e+002

9.03887868201611e+006,-1.59297387404691e+001,-1.07271119044943e+002

9.16505672630224e+006,-1.59570561074484e+001,-1.08671715715795e+002

9.29299615044753e+006,-1.59848078726864e+001,-1.10088681088732e+002

9.42272154239852e+006,-1.60129912384892e+001,-1.11522165756357e+002

9.55425783333670e+006,-1.60416027838010e+001,-1.12972322396431e+002

9.68763030246989e+006,-1.60706384376418e+001,-1.14439305956880e+002

9.82286458189050e+006,-1.61000934526047e+001,-1.15923273854583e+002

9.95998666150159e+006,-1.61299623785164e+001,-1.17424386188435e+002

1.00990228940118e+007,-1.61602390363727e+001,-1.18942805967223e+002

1.02399999999998e+007,-1.61909164926711e+001,-1.20478699352791e+002

1.03829450730497e+007,-1.62219870342719e+001,-1.22032235918993e+002

1.05278855849579e+007,-1.62534421439284e+001,-1.23603588926872e+002

1.06748493910128e+007,-1.62852724766389e+001,-1.25192935616505e+002

1.08238647353483e+007,-1.63174678369811e+001,-1.26800457515900e+002

1.09749602563714e+007,-1.63500171576033e+001,-1.28426340767307e+002

1.11281649922666e+007,-1.63829084790564e+001,-1.30070776471255e+002

1.12835083865762e+007,-1.64161289311622e+001,-1.31733961048573e+002

1.14410202938593e+007,-1.64496647161264e+001,-1.33416096620605e+002

1.16007309854287e+007,-1.64835010936168e+001,-1.35117391407771e+002

1.17626711551694e+007,-1.65176223680370e+001,-1.36838060146526e+002

1.19268719254367e+007,-1.65520118782441e+001,-1.38578324524724e+002

1.20933648530381e+007,-1.65866519899642e+001,-1.40338413635286e+002

1.22621819352976e+007,-1.66215240911799e+001,-1.42118564447976e+002

1.24333556162050e+007,-1.66566085907724e+001,-1.43919022298977e+002

1.26069187926517e+007,-1.66918849207141e+001,-1.45740041397844e+002

1.27829048207522e+007,-1.67273315421231e+001,-1.47581885351269e+002

1.29613475222554e+007,-1.67629259555030e+001,-1.49444827702956e+002

1.31422811910438e+007,-1.67986447155017e+001,-1.51329152488726e+002

1.33257405997251e+007,-1.68344634505382e+001,-1.53235154805809e+002

1.35117610063141e+007,-1.68703568876579e+001,-1.55163141395060e+002

1.37003781610095e+007,-1.69062988829846e+001,-1.57113431234654e+002

1.38916283130638e+007,-1.69422624581521e+001,-1.59086356143532e+002

1.40855482177507e+007,-1.69782198431032e+001,-1.61082261392649e+002

1.42821751434278e+007,-1.70141425256521e+001,-1.63101506321760e+002

1.44815468787002e+007,-1.70500013082116e+001,-1.65144464959181e+002

1.46837017396817e+007,-1.70857663720881e+001,-1.67211526641618e+002

1.48886785773596e+007,-1.71214073497469e+001,-1.69303096630782e+002

1.50965167850605e+007,-1.71568934054441e+001,-1.71419596723094e+002

1.53072563060214e+007,-1.71921933246150e+001,-1.73561465848369e+002

1.55209376410661e+007,-1.72272756123902e+001,-1.75729160652862e+002

1.57376018563889e+007,-1.72621086015917e+001,-1.77923156061573e+002

1.59572905914467e+007,-1.72966605705301e+001,1.79856054185865e+002

1.61800460669616e+007,-1.73308998708865e+001,1.77607957031945e+002

1.64059110930351e+007,-1.73647950659109e+001,1.75332019637575e+002

1.66349290773753e+007,-1.73983150791099e+001,1.73027688965420e+002

1.68671440336395e+007,-1.74314293535169e+001,1.70694391418496e+002

1.71026005898926e+007,-1.74641080215467e+001,1.68331532542928e+002

1.73413439971842e+007,-1.74963220853241e+001,1.65938496804517e+002

1.75834201382448e+007,-1.75280436072423e+001,1.63514647449458e+002

1.78288755363042e+007,-1.75592459103512e+001,1.61059326460290e+002

1.80777573640322e+007,-1.75899037879911e+001,1.58571854618837e+002

1.83301134526044e+007,-1.76199937218772e+001,1.56051531688526e+002

1.85859923008950e+007,-1.76494941075935e+001,1.53497636729026e+002

1.88454430847970e+007,-1.76783854861808e+001,1.50909428556614e+002

1.91085156666734e+007,-1.77066507801885e+001,1.48286146363923e+002

1.93752606049397e+007,-1.77342755322096e+001,1.45627010512862e+002

1.96457291637810e+007,-1.77612481435328e+001,1.42931223514306e+002

1.99199733230031e+007,-1.77875601101186e+001,1.40197971207685e+002

2.01980457880235e+007,-1.78132062526495e+001,1.37426424152736e+002

2.04799999999995e+007,-1.78381849369114e+001,1.34615739244369e+002

2.07658901460993e+007,-1.78624982802495e+001,1.31765061559731e+002

2.10557711699157e+007,-1.78861523393097e+001,1.28873526444037e+002

2.13496987820257e+007,-1.79091572737394e+001,1.25940261838579e+002

2.16477294706965e+007,-1.79315274799976e+001,1.22964390850270e+002

2.19499205127428e+007,-1.79532816889287e+001,1.19945034557203e+002

2.22563299845331e+007,-1.79744430203165e+001,1.16881315038907e+002

2.25670167731524e+007,-1.79950389872784e+001,1.13772358613073e+002

2.28820405877185e+007,-1.80151014431232e+001,1.10617299252767e+002

2.32014619708574e+007,-1.80346664632110e+001,1.07415282149236e+002

2.35253423103387e+007,-1.80537741544724e+001,1.04165467375671e+002

2.38537438508734e+007,-1.80724683855975e+001,1.00867033596723e+002

2.41867297060762e+007,-1.80907964315536e+001,9.75191817573664e+001

2.45243638705951e+007,-1.81088085270677e+001,9.41211386732098e+001

2.48667112324099e+007,-1.81265573250666e+001,9.06721604328748e+001

2.52138375853033e+007,-1.81440972578277e+001,8.71715355120903e+001

2.55658096415044e+007,-1.81614838007973e+001,8.36185874892165e+001

2.59226950445107e+007,-1.81787726416687e+001,8.00126772436657e+001

2.62845623820876e+007,-1.81960187603896e+001,7.63532045128307e+001

2.66514811994501e+007,-1.82132754292363e+001,7.26396086804072e+001

2.70235220126282e+007,-1.82305931459011e+001,6.88713686701893e+001

2.74007563220189e+007,-1.82480185165875e+001,6.50480018252367e+001

2.77832566261276e+007,-1.82655931102825e+001,6.11690616634399e+001

2.81710964355012e+007,-1.82833523095121e+001,5.72341344174471e+001

2.85643502868556e+007,-1.83013241868197e+001,5.32428342899959e+001

2.89630937574003e+007,-1.83195284397182e+001,4.91947973850123e+001

2.93674034793634e+007,-1.83379754197619e+001,4.50896743101610e+001

2.97773571547192e+007,-1.83566652934308e+001,4.09271214873687e+001

3.01930335701210e+007,-1.83755873735279e+001,3.67067912532993e+001

3.06145126120428e+007,-1.83947196595591e+001,3.24283208806862e+001

3.10418752821322e+007,-1.84140286239695e+001,2.80913207023595e+001

3.14752037127777e+007,-1.84334692780197e+001,2.36953615710571e+001

3.19145811828933e+007,-1.84529855464755e+001,1.92399619378691e+001

3.23600921339231e+007,-1.84725109741295e+001,1.47245748785412e+001

3.28118221860701e+007,-1.84919697795522e+001,1.01485754380194e+001

3.32698581547506e+007,-1.85112782624604e+001,5.51124869778275e+000

3.37342880672789e+007,-1.85303465608445e+001,8.11778996114192e-001

3.42052011797851e+007,-1.85490807426676e+001,-3.95075925296410e+000

3.46826879943682e+007,-1.85673852047079e+001,-8.77740869209048e+000

3.51668402764895e+007,-1.85851653381526e+001,-1.36693336625702e+001

3.56577510726083e+007,-1.86023304070446e+001,-1.86278219363363e+001

3.61555147280643e+007,-1.86187965718306e+001,-2.36542831554938e+001

3.66602269052088e+007,-1.86344899762981e+001,-2.87502436512375e+001

3.71719846017899e+007,-1.86493498024089e+001,-3.39173373869591e+001

3.76908861695939e+007,-1.86633311843414e+001,-3.91572928645529e+001

3.82170313333466e+007,-1.86764078610078e+001,-4.44719159507814e+001

3.87505212098794e+007,-1.86885744361885e+001,-4.98630687244448e+001

3.92914583275618e+007,-1.86998481082676e+001,-5.53326446167544e+001

3.98399466460062e+007,-1.87102697286904e+001,-6.08825403171712e+001

4.03960915760469e+007,-1.87199040513185e+001,-6.65146251431546e+001

4.09599999999989e+007,-1.87288390456743e+001,-7.22307088195801e+001

4.15317802921985e+007,-1.87371841675863e+001,-7.80325088722987e+001

4.21115423398314e+007,-1.87450675127725e+001,-8.39216190952799e+001

4.26993975640512e+007,-1.87526318238084e+001,-8.98994807807862e+001

4.32954589413930e+007,-1.87600293792419e+001,-9.59673585800637e+001

4.38998410254854e+007,-1.87674158646077e+001,-1.02126322956393e+002

4.45126599690662e+007,-1.87749434063352e+001,-1.08377241169327e+002

4.51340335463048e+007,-1.87827530366358e+001,-1.14720778556626e+002

4.57640811754369e+007,-1.87909669439358e+001,-1.21157411533953e+002

4.64029239417147e+007,-1.87996809410154e+001,-1.27687453199576e+002

4.70506846206773e+007,-1.88089576422484e+001,-1.34311091718210e+002

4.77074877017467e+007,-1.88188208725757e+001,-1.41028440792618e+002

4.83734594121523e+007,-1.88292518255046e+001,-1.47839600564959e+002

4.90487277411900e+007,-1.88401874394254e+001,-1.54744726293787e+002

4.97334224648198e+007,-1.88515213683718e+001,-1.61744101213482e+002

5.04276751706064e+007,-1.88631077868831e+001,-1.68838209191845e+002

5.11316192830087e+007,-1.88747680951112e+001,-1.76027802244570e+002

5.18453900890213e+007,-1.88863003897714e+001,1.76686042287615e+002

5.25691247641751e+007,-1.88974913515963e+001,1.69301879993728e+002

5.33029623989002e+007,-1.89081299844127e+001,1.61817877697906e+002

5.40470440252563e+007,-1.89180224386019e+001,1.54231815579661e+002

5.48015126440377e+007,-1.89270069756324e+001,1.46541115654231e+002

5.55665132522551e+007,-1.89349679931569e+001,1.38742897598719e+002

5.63421928710024e+007,-1.89418479448510e+001,1.30834061041059e+002

5.71287005737111e+007,-1.89476559704047e+001,1.22811391294469e+002

5.79261875148004e+007,-1.89524721161680e+001,1.14671683188103e+002

5.87348069587267e+007,-1.89564461954004e+001,1.06411875228775e+002

5.95547143094383e+007,-1.89597906281077e+001,9.80291840132425e+001

6.03860671402418e+007,-1.89627670274444e+001,8.95212268685943e+001

6.12290252240854e+007,-1.89656668621046e+001,8.08861194933572e+001

6.20837505642642e+007,-1.89687871979821e+001,7.21225353273354e+001

6.29504074255552e+007,-1.89724032519846e+001,6.32297149069998e+001

6.38291623657864e+007,-1.89767401860304e+001,5.42074168592079e+001

6.47201842678461e+007,-1.89819471115101e+001,4.50558074960194e+001

6.56236443721400e+007,-1.89880765349231e+001,3.57752928868686e+001

6.65397163095010e+007,-1.89950723420014e+001,2.63663050879535e+001

6.74685761345577e+007,-1.90027688263287e+001,1.68290618429293e+001

6.84104023595701e+007,-1.90109022277558e+001,7.16332529596943e+000

6.93653759887363e+007,-1.90191348456617e+001,-2.63181109580147e+000

7.03336805529788e+007,-1.90270901916305e+001,-1.25580780643108e+001

7.13155021452165e+007,-1.90343960451494e+001,-2.26181027029475e+001

7.23110294561284e+007,-1.90407308795851e+001,-3.28153789398289e+001

7.33204538104174e+007,-1.90458681172083e+001,-4.31541285241380e+001

7.43439692035797e+007,-1.90497122026950e+001,-5.36390577194793e+001

7.53817723391876e+007,-1.90523206794275e+001,-6.42750292698625e+001

7.64340626666931e+007,-1.90539074197132e+001,-7.50666837040788e+001

7.75010424197586e+007,-1.90548239803245e+001,-8.60180569925737e+001

7.85829166551234e+007,-1.90555187411660e+001,-9.71322507010938e+001

7.96798932920122e+007,-1.90564769020114e+001,-1.08411213290699e+002

8.07921831520937e+007,-1.90581481876409e+001,-1.19855684225885e+002

8.19199999999977e+007,-1.90608725899614e+001,-1.31465334134698e+002

8.30635605843968e+007,-1.90648167803144e+001,-1.43239104706386e+002

8.42230846796626e+007,-1.90699340631795e+001,-1.55175714867775e+002

8.53987951281022e+007,-1.90759583156532e+001,-1.67274261939411e+002

8.65909178827858e+007,-1.90824372598421e+001,-1.79534816824000e+002

8.77996820509706e+007,-1.90888033643744e+001,1.68041100779838e+002

8.90253199381321e+007,-1.90944729748905e+001,1.55450272338021e+002

9.02680670926093e+007,-1.90989574889372e+001,1.42687829533636e+002

9.15281623508736e+007,-1.91019659441983e+001,1.29747626509317e+002

9.28058478834291e+007,-1.91034773383417e+001,1.16622898194523e+002

9.41013692413544e+007,-1.91037639885111e+001,1.03307104123478e+002

9.54149754034931e+007,-1.91033545132499e+001,8.97948021174004e+001

9.67469188243043e+007,-1.91029362789065e+001,7.60823624269459e+001

9.80974554823798e+007,-1.91032111486122e+001,6.21683346293297e+001

9.94668449296393e+007,-1.91047324566895e+001,4.80533286525699e+001

1.00855350341213e+008,-1.91077612651931e+001,3.37393701211359e+001

1.02263238566017e+008,-1.91121816897001e+001,1.92288240450886e+001

1.03690780178042e+008,-1.91175054595046e+001,4.52311596904389e+000

1.05138249528350e+008,-1.91229754158187e+001,-1.03784282175470e+001

1.06605924797800e+008,-1.91277509852051e+001,-2.54792913607633e+001

1.08094088050512e+008,-1.91311332163650e+001,-4.07857751558284e+001

1.09603025288075e+008,-1.91327703396048e+001,-5.63062299927045e+001

1.11133026504510e+008,-1.91327825234046e+001,-7.20496350021958e+001

1.12684385742004e+008,-1.91317590820981e+001,-8.80238664484934e+001

1.14257401147422e+008,-1.91306121751163e+001,-1.04234140697603e+002

1.15852375029601e+008,-1.91303133982494e+001,-1.20682148709447e+002

1.17469613917453e+008,-1.91315834338905e+001,-1.37366265432991e+002

1.19109428618876e+008,-1.91346343866636e+001,-1.54282913650980e+002

1.20772134280483e+008,-1.91390630194987e+001,-1.71428756016378e+002

1.22458050448171e+008,-1.91439527385362e+001,1.71196974380578e+002

1.24167501128528e+008,-1.91481714099828e+001,1.53590849131893e+002

1.25900814851110e+008,-1.91507755363664e+001,1.35745013565402e+002

1.27658324731572e+008,-1.91513791004864e+001,1.17648592932513e+002

1.29440368535692e+008,-1.91503402739321e+001,9.92903803742064e+001

1.31247288744280e+008,-1.91486694728289e+001,8.06618968811150e+001

1.33079432619002e+008,-1.91476598986229e+001,6.17596157016774e+001

1.34937152269115e+008,-1.91483600595850e+001,4.25852872942883e+001

1.36820804719140e+008,-1.91511002343264e+001,2.31439578223911e+001

1.38730751977472e+008,-1.91552971572864e+001,3.44028063199137e+000

1.40667361105957e+008,-1.91596637549869e+001,-1.65253585955417e+001

1.42631004290433e+008,-1.91627707708439e+001,-3.67590674550074e+001

1.44622058912256e+008,-1.91637262733710e+001,-5.72727565301718e+001

1.46640907620835e+008,-1.91626503051991e+001,-7.80805489989847e+001

1.48687938407159e+008,-1.91606808296959e+001,-9.91937639745750e+001

1.50763544678375e+008,-1.91594488815995e+001,-1.20616905798601e+002

1.52868125333386e+008,-1.91602356316802e+001,-1.42346957944114e+002

1.55002084839517e+008,-1.91632406379998e+001,-1.64376822684072e+002

1.57165833310246e+008,-1.91673991384481e+001,1.73298543038112e+002

1.59359786584024e+008,-1.91709235964678e+001,1.50676605663686e+002

1.61584366304187e+008,-1.91723247944604e+001,1.27745750329077e+002

1.63839999999995e+008,-1.91713390309078e+001,1.04489157747955e+002

1.66127121168793e+008,-1.91691711997633e+001,8.08922466369210e+001

1.68446169359325e+008,-1.91678151308782e+001,5.69493327508468e+001

1.70797590256204e+008,-1.91687842385017e+001,3.26649809192124e+001

1.73181835765571e+008,-1.91720489830983e+001,8.04842488256766e+000

1.75599364101941e+008,-1.91759617794597e+001,-1.68958599627984e+001

1.78050639876264e+008,-1.91783403921842e+001,-4.21750316392674e+001

1.80536134185218e+008,-1.91780363557006e+001,-6.78068360702817e+001

1.83056324701747e+008,-1.91758608199475e+001,-9.38105642353570e+001

1.85611695766858e+008,-1.91740815129680e+001,-1.20196061168501e+002

1.88202738482708e+008,-1.91747155162859e+001,-1.46959272323514e+002

1.90829950806986e+008,-1.91778674478466e+001,-1.74088811952699e+002

1.93493837648608e+008,-1.91815265109180e+001,1.58420646826775e+002

1.96194910964759e+008,-1.91831674535032e+001,1.30558989277030e+002

1.98933689859278e+008,-1.91819366627665e+001,1.02304010593735e+002

2.01710700682425e+008,-1.91795187502594e+001,7.36358564042658e+001

2.04526477132034e+008,-1.91787350426708e+001,4.45504917634477e+001

2.07381560356084e+008,-1.91809343475314e+001,1.50592731740525e+001

2.10276499056700e+008,-1.91845910539958e+001,-1.48266472326916e+001

2.13211849595600e+008,-1.91866649760225e+001,-4.51131168469500e+001

2.16188176101024e+008,-1.91856226143491e+001,-7.58238174181442e+001

2.19206050576150e+008,-1.91831267596312e+001,-1.06982585042509e+002

2.22266053009019e+008,-1.91824371461792e+001,-1.38594161581667e+002

2.25368771484008e+008,-1.91849089336599e+001,-1.70644447599227e+002

2.28514802294843e+008,-1.91883518691471e+001,1.56877750796720e+002

2.31704750059200e+008,-1.91893745180318e+001,1.23960476541403e+002

2.34939227834906e+008,-1.91873380742879e+001,9.05741603287040e+001

2.38218857237752e+008,-1.91852817382364e+001,5.66988700629534e+001

2.41544268560966e+008,-1.91863427587269e+001,2.23416815173950e+001

2.44916100896340e+008,-1.91897536202200e+001,-1.24791884423468e+001

2.48335002257056e+008,-1.91916409716238e+001,-4.77662600335110e+001

2.51801629702220e+008,-1.91900505241196e+001,-8.35494237482309e+001

2.55316649463144e+008,-1.91877221278771e+001,-1.19855697306096e+002

2.58880737071383e+008,-1.91884897056223e+001,-1.56680797941182e+002

2.62494577488559e+008,-1.91918196797806e+001,1.65996285295759e+002

2.66158865238003e+008,-1.91933795380726e+001,1.28172749199101e+002

2.69874304538230e+008,-1.91913816343578e+001,8.98142519278521e+001

2.73641609438279e+008,-1.91894617864843e+001,5.08951104222864e+001

2.77461503954944e+008,-1.91912054900118e+001,1.14276401769554e+001

2.81334722211914e+008,-1.91943471539053e+001,-2.85680136148418e+001

2.85262008580865e+008,-1.91942472541171e+001,-6.91093649228530e+001

2.89244117824512e+008,-1.91916273837696e+001,-1.10236667782103e+002

2.93281815241668e+008,-1.91915661716905e+001,-1.51957817771943e+002

2.97375876814318e+008,-1.91947069781780e+001,1.65753105682261e+002

3.01527089356749e+008,-1.91958999656695e+001,1.22895884990906e+002

3.05736250666771e+008,-1.91934836442925e+001,7.94284493192313e+001

3.10004169679033e+008,-1.91925704342185e+001,3.53290780270739e+001

3.14331666620492e+008,-1.91954459598615e+001,-9.37691017588644e+000

3.18719573168047e+008,-1.91969391863554e+001,-5.46820319299274e+001

3.23168732608373e+008,-1.91945700511209e+001,-1.00629748986616e+002

3.27679999999989e+008,-1.91937612908267e+001,-1.47244779549320e+002

3.32254242337586e+008,-1.91967166546618e+001,1.65501058289736e+002

3.36892338718649e+008,-1.91975661697633e+001,1.17610893307385e+002

3.41595180512407e+008,-1.91949708385658e+001,6.90351581172922e+001

3.46363671531142e+008,-1.91952730364875e+001,1.97602185827306e+001

3.51198728203881e+008,-1.91982474285437e+001,-3.01806168731166e+001

3.56101279752527e+008,-1.91974227451071e+001,-8.08054085317956e+001

3.61072268370436e+008,-1.91952889942055e+001,-1.32164966594257e+002

3.66112649403493e+008,-1.91975135786126e+001,1.75755859493364e+002

3.71223391533715e+008,-1.91990093712081e+001,1.22978102992101e+002

3.76405476965416e+008,-1.91964837634095e+001,6.94505979424246e+001

3.81659901613971e+008,-1.91969374817994e+001,1.51536014953282e+001

3.86987675297216e+008,-1.91995794449509e+001,-3.98757369077069e+001

3.92389821929517e+008,-1.91977702865960e+001,-9.56689622448511e+001

3.97867379718556e+008,-1.91969194851910e+001,-1.52270734744122e+002

4.03421401364849e+008,-1.91997590359282e+001,1.50354669831026e+002

4.09052954264066e+008,-1.91986207084843e+001,9.21937403580103e+001

4.14763120712167e+008,-1.91971995618427e+001,3.31901845420690e+001

4.20552998113398e+008,-1.91999452566386e+001,-2.66244294428987e+001

4.26423699191198e+008,-1.91989082885732e+001,-8.72564357813938e+001

4.32376352202047e+008,-1.91974765125987e+001,-1.48765771687787e+002

4.38412101152298e+008,-1.92000679397945e+001,1.48881102047954e+002

4.44532106018038e+008,-1.91983553524722e+001,8.56712851115737e+001

4.50737542968016e+008,-1.91972466240286e+001,2.15482085867202e+001

4.57029604589685e+008,-1.91988514305994e+001,-4.34473700675765e+001

4.63409500118400e+008,-1.91951265735320e+001,-1.09354491409283e+002

4.69878455669810e+008,-1.91949572817358e+001,-1.76215905906690e+002

4.76437714475503e+008,-1.91973155915246e+001,1.16019434104959e+002

4.83088537121932e+008,-1.91967579697434e+001,4.73000635987967e+001

4.89832201792680e+008,-1.92000390135410e+001,-2.23754234694093e+001

4.96670004514110e+008,-1.91995959509871e+001,-9.30028048624110e+001

5.03603259404439e+008,-1.91994979182846e+001,-1.64646633159352e+002

5.10633298926288e+008,-1.92015132439245e+001,1.22734825431362e+002

5.17761474142765e+008,-1.91993865910233e+001,4.90888341161214e+001

5.24989154977117e+008,-1.92017030298699e+001,-2.55894652011826e+001

5.32317730476004e+008,-1.92004370621660e+001,-1.01292444282378e+002

5.39748609076458e+008,-1.92009520591256e+001,-1.78079961679747e+002

5.47283218876557e+008,-1.92016796062682e+001,1.04089852151698e+002

5.54923007909887e+008,-1.92003656568591e+001,2.51465065474871e+001

5.62669444423827e+008,-1.92024003812523e+001,-5.48800368078910e+001

5.70524017161728e+008,-1.92003192832633e+001,-1.36034417391049e+002

5.78488235649024e+008,-1.92025908045588e+001,1.41679554643376e+002

5.86563630483336e+008,-1.92006311390390e+001,5.82506932059083e+001

5.94751753628634e+008,-1.92025390649572e+001,-2.63553748465401e+001

6.03054178713497e+008,-1.92010214469215e+001,-1.12126078429767e+002

6.11472501333541e+008,-1.92024851010243e+001,1.60885934812965e+002

6.20008339358065e+008,-1.92013207103007e+001,7.27047722418650e+001

6.28663333240983e+008,-1.92025411681164e+001,-1.67298372063950e+001

6.37439146336093e+008,-1.92014702422749e+001,-1.07390949370519e+002

6.46337465216745e+008,-1.92027307195392e+001,1.60660524008535e+002

6.55359999999977e+008,-1.92014797915449e+001,6.74483494340767e+001

6.64508484675170e+008,-1.92030153766852e+001,-2.70831592759922e+001

6.73784677437296e+008,-1.92014264440725e+001,-1.22920024803658e+002

6.83190361024813e+008,-1.92032717176682e+001,1.39895200123704e+002

6.92727343062282e+008,-1.92014914697076e+001,4.13573303225440e+001

7.02397456407760e+008,-1.92032658908335e+001,-5.85529535479342e+001

7.12202559505052e+008,-1.92019346294532e+001,-1.59869090902541e+002

7.22144536740870e+008,-1.92027819013937e+001,9.74178230939029e+001

7.32225298806984e+008,-1.92028179192794e+001,-6.75089074990951e+000

7.42446783067428e+008,-1.92020453065890e+001,-1.12352950269312e+002

7.52810953930830e+008,-1.92035355922367e+001,1.40555824932538e+002

7.63319803227940e+008,-1.92019919730248e+001,3.19731684585269e+001

7.73975350594429e+008,-1.92031128523983e+001,-7.81165336136585e+001

7.84779643859033e+008,-1.92031016645927e+001,1.70239116163092e+002

7.95734759437109e+008,-1.92021220541574e+001,5.70535072501073e+001

8.06842802729695e+008,-1.92036105299424e+001,-5.77194431944576e+001

8.18105908528131e+008,-1.92027707228168e+001,-1.74102250236153e+002

8.29526241424333e+008,-1.92024078485481e+001,6.79063426111765e+001

8.41105996226795e+008,-1.92037175367533e+001,-5.17435499747361e+001

8.52847398382395e+008,-1.92028134946639e+001,-1.73067401186499e+002

8.64752704404093e+008,-1.92023958284067e+001,6.39290883344623e+001

8.76824202304595e+008,-1.92035961432588e+001,-6.07997873468922e+001

8.89064212036074e+008,-1.92031024779719e+001,1.72723521489138e+002

9.01475085936030e+008,-1.92020312884418e+001,4.44935977573654e+001

9.14059209179369e+008,-1.92024385083690e+001,-8.55251068780143e+001

9.26819000236798e+008,-1.92017228248253e+001,1.42630836623229e+002

9.39756911339618e+008,-1.91981607875921e+001,8.93024206349347e+000

9.52875428951004e+008,-1.92002700132010e+001,-1.26631780939674e+002

9.66177074243861e+008,-1.92025978297391e+001,9.59339432589272e+001

9.79664403585357e+008,-1.92036229115091e+001,-4.34268943447019e+001

9.93340009028218e+008,-1.92033131151894e+001,1.75265753607779e+002

1.00000000000000e+009,-1.92035995934815e+001,1.06458509247277e+002

