Freq.,VOut,OutRef

1.00000000000000e+004,-2.13619140594763e+001,-2.97995906502855e-001

1.01395947979003e+004,-2.13619155356561e+001,-3.02155718491124e-001

1.02811382665607e+004,-2.13619170533318e+001,-3.06373596919332e-001

1.04246576084112e+004,-2.13619186136699e+001,-3.10650352264028e-001

1.05701804056138e+004,-2.13619202178694e+001,-3.14986806311911e-001

1.07177346253629e+004,-2.13619218671630e+001,-3.19383792316930e-001

1.08673486252606e+004,-2.13619235628182e+001,-3.23842155158573e-001

1.10190511587661e+004,-2.13619253061381e+001,-3.28362751506919e-001

1.11728713807222e+004,-2.13619270984623e+001,-3.32946449986182e-001

1.13288388529580e+004,-2.13619289411681e+001,-3.37594131339254e-001

1.14869835499703e+004,-2.13619308356715e+001,-3.42306688599304e-001

1.16473358646846e+004,-2.13619327834282e+001,-3.47085027260464e-001

1.18099266142953e+004,-2.13619347859350e+001,-3.51930065450348e-001

1.19747870461893e+004,-2.13619368447306e+001,-3.56842734106353e-001

1.21419488439505e+004,-2.13619389613969e+001,-3.61823977156375e-001

1.23114441334492e+004,-2.13619411375602e+001,-3.66874751697518e-001

1.24833054890161e+004,-2.13619433748929e+001,-3.71996028179751e-001

1.26575659397028e+004,-2.13619456751139e+001,-3.77188790593849e-001

1.28342589756290e+004,-2.13619480399905e+001,-3.82454036658556e-001

1.30134185544193e+004,-2.13619504713397e+001,-3.87792778012598e-001

1.31950791077289e+004,-2.13619529710298e+001,-3.93206040406731e-001

1.33792755478611e+004,-2.13619555409811e+001,-3.98694863904074e-001

1.35660432744767e+004,-2.13619581831682e+001,-4.04260303076386e-001

1.37554181813974e+004,-2.13619608996210e+001,-4.09903427207263e-001

1.39474366635040e+004,-2.13619636924264e+001,-4.15625320498075e-001

1.41421356237309e+004,-2.13619665637302e+001,-4.21427082272850e-001

1.43395524801583e+004,-2.13619695157380e+001,-4.27309827194083e-001

1.45397251732031e+004,-2.13619725507177e+001,-4.33274685470143e-001

1.47426921729110e+004,-2.13619756710008e+001,-4.39322803076495e-001

1.49484924863494e+004,-2.13619788789843e+001,-4.45455341973090e-001

1.51571656651040e+004,-2.13619821771324e+001,-4.51673480329426e-001

1.53687518128801e+004,-2.13619855679788e+001,-4.57978412745670e-001

1.55832915932100e+004,-2.13619890541280e+001,-4.64371350486589e-001

1.58008262372675e+004,-2.13619926382579e+001,-4.70853521710244e-001

1.60213975517924e+004,-2.13619963231214e+001,-4.77426171704662e-001

1.62450479271247e+004,-2.13620001115488e+001,-4.84090563126396e-001

1.64718203453514e+004,-2.13620040064500e+001,-4.90847976240361e-001

1.67017583885674e+004,-2.13620080108163e+001,-4.97699709168137e-001

1.69349062472505e+004,-2.13620121277233e+001,-5.04647078134347e-001

1.71713087287550e+004,-2.13620163603328e+001,-5.11691417718515e-001

1.74110112659224e+004,-2.13620207118953e+001,-5.18834081112008e-001

1.76540599258131e+004,-2.13620251857528e+001,-5.26076440375812e-001

1.79005014185594e+004,-2.13620297853408e+001,-5.33419886703323e-001

1.81503831063432e+004,-2.13620345141915e+001,-5.40865830687307e-001

1.84037530124975e+004,-2.13620393759361e+001,-5.48415702588143e-001

1.86606598307361e+004,-2.13620443743079e+001,-5.56070952608897e-001

1.89211529345119e+004,-2.13620495131447e+001,-5.63833051173371e-001

1.91852823865052e+004,-2.13620547963923e+001,-5.71703489204656e-001

1.94530989482457e+004,-2.13620602281072e+001,-5.79683778412227e-001

1.97246540898671e+004,-2.13620658124595e+001,-5.87775451581337e-001

1.99999999999999e+004,-2.13620715537365e+001,-5.95980062864394e-001

2.02791895958005e+004,-2.13620774563461e+001,-6.04299188078776e-001

2.05622765331213e+004,-2.13620835248193e+001,-6.12734425009394e-001

2.08493152168224e+004,-2.13620897638146e+001,-6.21287393711235e-001

2.11403608112276e+004,-2.13620961781212e+001,-6.29959736821039e-001

2.14354692507258e+004,-2.13621027726626e+001,-6.38753119870863e-001

2.17346972505211e+004,-2.13621095525004e+001,-6.47669231604734e-001

2.20381023175322e+004,-2.13621165228382e+001,-6.56709784302687e-001

2.23457427614443e+004,-2.13621236890255e+001,-6.65876514107292e-001

2.26576777059159e+004,-2.13621310565621e+001,-6.75171181354003e-001

2.29739670999406e+004,-2.13621386311018e+001,-6.84595570909271e-001

2.32946717293690e+004,-2.13621464184570e+001,-6.94151492508664e-001

2.36198532285905e+004,-2.13621544246033e+001,-7.03840781103887e-001

2.39495740923785e+004,-2.13621626556835e+001,-7.13665297212202e-001

2.42838976879009e+004,-2.13621711180130e+001,-7.23626927270395e-001

2.46228882668982e+004,-2.13621798180839e+001,-7.33727583996766e-001

2.49666109780322e+004,-2.13621887625708e+001,-7.43969206752795e-001

2.53151318794055e+004,-2.13621979583349e+001,-7.54353761914239e-001

2.56685179512580e+004,-2.13622074124301e+001,-7.64883243246379e-001

2.60268371088386e+004,-2.13622171321077e+001,-7.75559672282904e-001

2.63901582154578e+004,-2.13622271248226e+001,-7.86385098709876e-001

2.67585510957221e+004,-2.13622373982382e+001,-7.97361600758177e-001

2.71320865489533e+004,-2.13622479602328e+001,-8.08491285598042e-001

2.75108363627948e+004,-2.13622588189057e+001,-8.19776289739039e-001

2.78948733270080e+004,-2.13622699825826e+001,-8.31218779438119e-001

2.82842712474618e+004,-2.13622814598228e+001,-8.42820951110637e-001

2.86791049603164e+004,-2.13622932594253e+001,-8.54585031747541e-001

2.90794503464061e+004,-2.13623053904353e+001,-8.66513279340181e-001

2.94853843458219e+004,-2.13623178621517e+001,-8.78607983307109e-001

2.98969849726987e+004,-2.13623306841334e+001,-8.90871464931385e-001

3.03143313302078e+004,-2.13623438662071e+001,-9.03306077799151e-001

3.07375036257601e+004,-2.13623574184746e+001,-9.15914208247987e-001

3.11665831864199e+004,-2.13623713513205e+001,-9.28698275818026e-001

3.16016524745350e+004,-2.13623856754199e+001,-9.41660733712911e-001

3.20427951035848e+004,-2.13624004017467e+001,-9.54804069263536e-001

3.24900958542493e+004,-2.13624155415819e+001,-9.68130804399893e-001

3.29436406907028e+004,-2.13624311065220e+001,-9.81643496128890e-001

3.34035167771346e+004,-2.13624471084882e+001,-9.95344737017472e-001

3.38698124945009e+004,-2.13624635597347e+001,-1.00923715568665e+000

3.43426174575100e+004,-2.13624804728585e+001,-1.02332341730509e+000

3.48220225318448e+004,-2.13624978608092e+001,-1.03760622409561e+000

3.53081198516260e+004,-2.13625157368979e+001,-1.05208831584524e+000

3.58010028371187e+004,-2.13625341148082e+001,-1.06677247042297e+000

3.63007662126863e+004,-2.13625530086058e+001,-1.08166150430511e+000

3.68075060249948e+004,-2.13625724327496e+001,-1.09675827310587e+000

3.73213196614721e+004,-2.13625924021025e+001,-1.11206567211802e+000

3.78423058690237e+004,-2.13626129319425e+001,-1.12758663685692e+000

3.83705647730104e+004,-2.13626340379743e+001,-1.14332414361484e+000

3.89061978964912e+004,-2.13626557363411e+001,-1.15928121002285e+000

3.94493081797342e+004,-2.13626780436369e+001,-1.17546089561640e+000

3.99999999999998e+004,-2.13627009769187e+001,-1.19186630241427e+000

4.05583791916010e+004,-2.13627245537198e+001,-1.20850057549955e+000

4.11245530662425e+004,-2.13627487920623e+001,-1.22536690361194e+000

4.16986304336447e+004,-2.13627737104714e+001,-1.24246851974709e+000

4.22807216224550e+004,-2.13627993279887e+001,-1.25980870176255e+000

4.28709385014515e+004,-2.13628256641869e+001,-1.27739077299390e+000

4.34693945010421e+004,-2.13628527391842e+001,-1.29521810287741e+000

4.40762046350642e+004,-2.13628805736596e+001,-1.31329410758066e+000

4.46914855228886e+004,-2.13629091888682e+001,-1.33162225064349e+000

4.53153554118317e+004,-2.13629386066573e+001,-1.35020604362562e+000

4.59479341998812e+004,-2.13629688494824e+001,-1.36904904676266e+000

4.65893434587380e+004,-2.13629999404244e+001,-1.38815486963181e+000

4.72397064571810e+004,-2.13630319032066e+001,-1.40752717182547e+000

4.78991481847569e+004,-2.13630647622125e+001,-1.42716966363388e+000

4.85677953758016e+004,-2.13630985425036e+001,-1.44708610673730e+000

4.92457765337964e+004,-2.13631332698387e+001,-1.46728031490520e+000

4.99332219560642e+004,-2.13631689706927e+001,-1.48775615470665e+000

5.06302637588109e+004,-2.13632056722760e+001,-1.50851754622972e+000

5.13370359025159e+004,-2.13632434025556e+001,-1.52956846380805e+000

5.20536742176771e+004,-2.13632821902746e+001,-1.55091293675974e+000

5.27803164309155e+004,-2.13633220649748e+001,-1.57255505013327e+000

5.35171021914442e+004,-2.13633630570175e+001,-1.59449894546460e+000

5.42641730979066e+004,-2.13634051976067e+001,-1.61674882154282e+000

5.50216727255895e+004,-2.13634485188117e+001,-1.63930893518703e+000

5.57897466540159e+004,-2.13634930535910e+001,-1.66218360203115e+000

5.65685424949235e+004,-2.13635388358165e+001,-1.68537719732017e+000

5.73582099206328e+004,-2.13635859002986e+001,-1.70889415671645e+000

5.81589006928121e+004,-2.13636342828116e+001,-1.73273897711475e+000

5.89707686916437e+004,-2.13636840201200e+001,-1.75691621747065e+000

5.97939699453972e+004,-2.13637351500057e+001,-1.78143049963494e+000

6.06286626604156e+004,-2.13637877112954e+001,-1.80628650920193e+000

6.14750072515201e+004,-2.13638417438890e+001,-1.83148899636810e+000

6.23331663728396e+004,-2.13638972887891e+001,-1.85704277679929e+000

6.32033049490698e+004,-2.13639543881308e+001,-1.88295273251004e+000

6.40855902071694e+004,-2.13640130852120e+001,-1.90922381275529e+000

6.49801917084985e+004,-2.13640734245253e+001,-1.93586103492979e+000

6.58872813814055e+004,-2.13641354517903e+001,-1.96286948548098e+000

6.68070335542691e+004,-2.13641992139867e+001,-1.99025432083294e+000

6.77396249890018e+004,-2.13642647593881e+001,-2.01802076831982e+000

6.86852349150199e+004,-2.13643321375973e+001,-2.04617412713257e+000

6.96440450636895e+004,-2.13644013995819e+001,-2.07471976927713e+000

7.06162397032520e+004,-2.13644725977107e+001,-2.10366314054218e+000

7.16020056742374e+004,-2.13645457857921e+001,-2.13300976147980e+000

7.26015324253724e+004,-2.13646210191121e+001,-2.16276522839922e+000

7.36150120499896e+004,-2.13646983544739e+001,-2.19293521436979e+000

7.46426393229441e+004,-2.13647778502388e+001,-2.22352547023742e+000

7.56846117380472e+004,-2.13648595663680e+001,-2.25454182565293e+000

7.67411295460207e+004,-2.13649435644647e+001,-2.28599019011168e+000

7.78123957929823e+004,-2.13650299078183e+001,-2.31787655400674e+000

7.88986163594682e+004,-2.13651186614494e+001,-2.35020698969265e+000

7.99999999999995e+004,-2.13652098921552e+001,-2.38298765256320e+000

8.11167583832018e+004,-2.13653036685573e+001,-2.41622478214003e+000

8.22491061324848e+004,-2.13654000611497e+001,-2.44992470317508e+000

8.33972608672892e+004,-2.13654991423482e+001,-2.48409382676456e+000

8.45614432449099e+004,-2.13656009865414e+001,-2.51873865147609e+000

8.57418770029029e+004,-2.13657056701426e+001,-2.55386576448877e+000

8.69387890020841e+004,-2.13658132716430e+001,-2.58948184274507e+000

8.81524092701283e+004,-2.13659238716662e+001,-2.62559365411723e+000

8.93829710457770e+004,-2.13660375530243e+001,-2.66220805858408e+000

9.06307108236633e+004,-2.13661544007751e+001,-2.69933200942405e+000

9.18958683997622e+004,-2.13662745022805e+001,-2.73697255441786e+000

9.31786869174758e+004,-2.13663979472666e+001,-2.77513683706733e+000

9.44794129143618e+004,-2.13665248278854e+001,-2.81383209782447e+000

9.57982963695136e+004,-2.13666552387776e+001,-2.85306567533668e+000

9.71355907516031e+004,-2.13667892771368e+001,-2.89284500770248e+000

9.84915530675926e+004,-2.13669270427756e+001,-2.93317763374280e+000

9.98664439121282e+004,-2.13670686381933e+001,-2.97407119428378e+000

1.01260527517622e+005,-2.13672141686445e+001,-3.01553343345439e+000

1.02674071805032e+005,-2.13673637422102e+001,-3.05757219999631e+000

1.04107348435354e+005,-2.13675174698695e+001,-3.10019544858865e+000

1.05560632861831e+005,-2.13676754655742e+001,-3.14341124118388e+000

1.07034204382888e+005,-2.13678378463241e+001,-3.18722774836040e+000

1.08528346195813e+005,-2.13680047322441e+001,-3.23165325068534e+000

1.10043345451179e+005,-2.13681762466636e+001,-3.27669614009399e+000

1.11579493308032e+005,-2.13683525161974e+001,-3.32236492127999e+000

1.13137084989847e+005,-2.13685336708277e+001,-3.36866821310181e+000

1.14716419841265e+005,-2.13687198439896e+001,-3.41561475000010e+000

1.16317801385624e+005,-2.13689111726563e+001,-3.46321338343141e+000

1.17941537383287e+005,-2.13691077974281e+001,-3.51147308331299e+000

1.19587939890794e+005,-2.13693098626220e+001,-3.56040293948342e+000

1.21257325320831e+005,-2.13695175163638e+001,-3.61001216317557e+000

1.22950014503040e+005,-2.13697309106823e+001,-3.66031008850310e+000

1.24666332745679e+005,-2.13699502016049e+001,-3.71130617396171e+000

1.26406609898139e+005,-2.13701755492557e+001,-3.76301000394306e+000

1.28171180414339e+005,-2.13704071179555e+001,-3.81543129026245e+000

1.29960383416997e+005,-2.13706450763238e+001,-3.86857987370041e+000

1.31774562762811e+005,-2.13708895973826e+001,-3.92246572555815e+000

1.33614067108538e+005,-2.13711408586632e+001,-3.97709894922560e+000

1.35479249978003e+005,-2.13713990423140e+001,-4.03248978176430e+000

1.37370469830040e+005,-2.13716643352109e+001,-4.08864859550293e+000

1.39288090127379e+005,-2.13719369290703e+001,-4.14558589964723e+000

1.41232479406504e+005,-2.13722170205636e+001,-4.20331234190236e+000

1.43204011348474e+005,-2.13725048114341e+001,-4.26183871011035e+000

1.45203064850745e+005,-2.13728005086166e+001,-4.32117593389968e+000

1.47230024099979e+005,-2.13731043243582e+001,-4.38133508634968e+000

1.49285278645888e+005,-2.13734164763425e+001,-4.44232738566686e+000

1.51369223476094e+005,-2.13737371878151e+001,-4.50416419687708e+000

1.53482259092041e+005,-2.13740666877121e+001,-4.56685703352922e+000

1.55624791585964e+005,-2.13744052107903e+001,-4.63041755941329e+000

1.57797232718936e+005,-2.13747529977603e+001,-4.69485759029249e+000

1.59999999999999e+005,-2.13751102954213e+001,-4.76018909564832e+000

1.62233516766403e+005,-2.13754773567983e+001,-4.82642420043962e+000

1.64498212264969e+005,-2.13758544412824e+001,-4.89357518687555e+000

1.66794521734578e+005,-2.13762418147721e+001,-4.96165449620169e+000

1.69122886489819e+005,-2.13766397498182e+001,-5.03067473050094e+000

1.71483754005805e+005,-2.13770485257703e+001,-5.10064865450733e+000

1.73877578004168e+005,-2.13774684289256e+001,-5.17158919743450e+000

1.76304818540256e+005,-2.13778997526807e+001,-5.24350945481868e+000

1.78765942091554e+005,-2.13783427976849e+001,-5.31642269037433e+000

1.81261421647326e+005,-2.13787978719965e+001,-5.39034233786627e+000

1.83791736799524e+005,-2.13792652912411e+001,-5.46528200299458e+000

1.86357373834951e+005,-2.13797453787720e+001,-5.54125546529564e+000

1.88958825828723e+005,-2.13802384658341e+001,-5.61827668005670e+000

1.91596592739027e+005,-2.13807448917283e+001,-5.69635978024708e+000

1.94271181503206e+005,-2.13812650039799e+001,-5.77551907846381e+000

1.96983106135185e+005,-2.13817991585082e+001,-5.85576906889299e+000

1.99732887824256e+005,-2.13823477197992e+001,-5.93712442928808e+000

2.02521055035243e+005,-2.13829110610802e+001,-6.01960002296318e+000

2.05348143610063e+005,-2.13834895644969e+001,-6.10321090080428e+000

2.08214696870707e+005,-2.13840836212924e+001,-6.18797230329685e+000

2.11121265723661e+005,-2.13846936319892e+001,-6.27389966257188e+000

2.14068408765776e+005,-2.13853200065731e+001,-6.36100860446842e+000

2.17056692391625e+005,-2.13859631646795e+001,-6.44931495061673e+000

2.20086690902357e+005,-2.13866235357819e+001,-6.53883472053906e+000

2.23158986616063e+005,-2.13873015593833e+001,-6.62958413377095e+000

2.26274169979693e+005,-2.13879976852091e+001,-6.72157961200238e+000

2.29432839682530e+005,-2.13887123734031e+001,-6.81483778124076e+000

2.32635602771247e+005,-2.13894460947256e+001,-6.90937547399559e+000

2.35883074766574e+005,-2.13901993307537e+001,-7.00520973148467e+000

2.39175879781588e+005,-2.13909725740849e+001,-7.10235780586573e+000

2.42514650641661e+005,-2.13917663285418e+001,-7.20083716249113e+000

2.45900029006080e+005,-2.13925811093809e+001,-7.30066548218770e+000

2.49332665491357e+005,-2.13934174435029e+001,-7.40186066356416e+000

2.52813219796278e+005,-2.13942758696658e+001,-7.50444082534472e+000

2.56342360828676e+005,-2.13951569387014e+001,-7.60842430873161e+000

2.59920766833993e+005,-2.13960612137340e+001,-7.71382967979697e+000

2.63549125525621e+005,-2.13969892704020e+001,-7.82067573190648e+000

2.67228134217075e+005,-2.13979416970829e+001,-7.92898148817355e+000

2.70958499956006e+005,-2.13989190951211e+001,-8.03876620394776e+000

2.74740939660078e+005,-2.13999220790592e+001,-8.15004936933803e+000

2.78576180254757e+005,-2.14009512768729e+001,-8.26285071177141e+000

2.82464958813007e+005,-2.14020073302087e+001,-8.37719019858932e+000

2.86408022696948e+005,-2.14030908946266e+001,-8.49308803968322e+000

2.90406129701488e+005,-2.14042026398457e+001,-8.61056469016986e+000

2.94460048199957e+005,-2.14053432499947e+001,-8.72964085310922e+000

2.98570557291775e+005,-2.14065134238666e+001,-8.85033748226467e+000

3.02738446952187e+005,-2.14077138751783e+001,-8.97267578490953e+000

3.06964518184081e+005,-2.14089453328351e+001,-9.09667722467845e+000

3.11249583171928e+005,-2.14102085412007e+001,-9.22236352446788e+000

3.15594465437872e+005,-2.14115042603728e+001,-9.34975666938542e+000

3.19999999999997e+005,-2.14128332664648e+001,-9.47887890975006e+000

3.24467033532806e+005,-2.14141963518943e+001,-9.60975276414518e+000

3.28996424529938e+005,-2.14155943256781e+001,-9.74240102252427e+000

3.33589043469155e+005,-2.14170280137349e+001,-9.87684674937346e+000

3.38245772979638e+005,-2.14184982591958e+001,-1.00131132869284e+001

3.42967508011610e+005,-2.14200059227233e+001,-1.01512242584494e+001

3.47755156008335e+005,-2.14215518828391e+001,-1.02912035715558e+001

3.52609637080511e+005,-2.14231370362618e+001,-1.04330754216188e+001

3.57531884183106e+005,-2.14247622982547e+001,-1.05768642952145e+001

3.62522843294651e+005,-2.14264286029842e+001,-1.07225949736385e+001

3.67583473599047e+005,-2.14281369038906e+001,-1.08702925364812e+001

3.72714747669902e+005,-2.14298881740700e+001,-1.10199823652648e+001

3.77917651657445e+005,-2.14316834066705e+001,-1.11716901471415e+001

3.83193185478053e+005,-2.14335236153015e+001,-1.13254418786539e+001

3.88542363006410e+005,-2.14354098344582e+001,-1.14812638695551e+001

3.93966212270369e+005,-2.14373431199614e+001,-1.16391827466894e+001

3.99465775648511e+005,-2.14393245494139e+001,-1.17992254579321e+001

4.05042110070485e+005,-2.14413552226743e+001,-1.19614192761860e+001

4.10696287220124e+005,-2.14434362623493e+001,-1.21257918034343e+001

4.16429393741414e+005,-2.14455688143048e+001,-1.22923709748471e+001

4.22242531447321e+005,-2.14477540481985e+001,-1.24611850629374e+001

4.28136817531551e+005,-2.14499931580322e+001,-1.26322626817673e+001

4.34113384783250e+005,-2.14522873627282e+001,-1.28056327911958e+001

4.40173381804713e+005,-2.14546379067276e+001,-1.29813247011699e+001

4.46317973232124e+005,-2.14570460606144e+001,-1.31593680760485e+001

4.52548339959385e+005,-2.14595131217642e+001,-1.33397929389604e+001

4.58865679365059e+005,-2.14620404150195e+001,-1.35226296761853e+001

4.65271205542494e+005,-2.14646292933936e+001,-1.37079090415555e+001

4.71766149533147e+005,-2.14672811388021e+001,-1.38956621608697e+001

4.78351759563174e+005,-2.14699973628245e+001,-1.40859205363125e+001

4.85029301283321e+005,-2.14727794074967e+001,-1.42787160508719e+001

4.91800058012158e+005,-2.14756287461347e+001,-1.44740809727448e+001

4.98665330982714e+005,-2.14785468841913e+001,-1.46720479597246e+001

5.05626439592555e+005,-2.14815353601461e+001,-1.48726500635576e+001

5.12684721657352e+005,-2.14845957464301e+001,-1.50759207342606e+001

5.19841533667984e+005,-2.14877296503849e+001,-1.52818938243875e+001

5.27098251051240e+005,-2.14909387152586e+001,-1.54906035932342e+001

5.34456268434150e+005,-2.14942246212371e+001,-1.57020847109688e+001

5.41916999912011e+005,-2.14975890865136e+001,-1.59163722626757e+001

5.49481879320155e+005,-2.15010338683951e+001,-1.61335017522983e+001

5.57152360509512e+005,-2.15045607644472e+001,-1.63535091064701e+001

5.64929917626012e+005,-2.15081716136767e+001,-1.65764306782152e+001

5.72816045393895e+005,-2.15118682977538e+001,-1.68023032505076e+001

5.80812259402975e+005,-2.15156527422717e+001,-1.70311640396719e+001

5.88920096399912e+005,-2.15195269180457e+001,-1.72630506986093e+001

5.97141114583549e+005,-2.15234928424505e+001,-1.74980013198356e+001

6.05476893904373e+005,-2.15275525807954e+001,-1.77360544383107e+001

6.13929036368161e+005,-2.15317082477378e+001,-1.79772490340467e+001

6.22499166343855e+005,-2.15359620087340e+001,-1.82216245344752e+001

6.31188930875742e+005,-2.15403160815253e+001,-1.84692208165575e+001

6.39999999999992e+005,-2.15447727376619e+001,-1.87200782086211e+001

6.48934067065610e+005,-2.15493343040597e+001,-1.89742374919022e+001

6.57992849059874e+005,-2.15540031645913e+001,-1.92317399017816e+001

6.67178086938309e+005,-2.15587817617098e+001,-1.94926271286911e+001

6.76491545959274e+005,-2.15636725981025e+001,-1.97569413186777e+001

6.85935016023218e+005,-2.15686782383743e+001,-2.00247250736053e+001

6.95510312016668e+005,-2.15738013107585e+001,-2.02960214509769e+001

7.05219274161021e+005,-2.15790445088528e+001,-2.05708739633644e+001

7.15063768366211e+005,-2.15844105933791e+001,-2.08493265774230e+001

7.25045686589301e+005,-2.15899023939638e+001,-2.11314237124803e+001

7.35166947198092e+005,-2.15955228109373e+001,-2.14172102386807e+001

7.45429495339801e+005,-2.16012748171495e+001,-2.17067314746707e+001

7.55835303314889e+005,-2.16071614597987e+001,-2.20000331848115e+001

7.66386370956104e+005,-2.16131858622710e+001,-2.22971615759035e+001

7.77084726012819e+005,-2.16193512259873e+001,-2.25981632934092e+001

7.87932424540735e+005,-2.16256608322550e+001,-2.29030854171642e+001

7.98931551297020e+005,-2.16321180441202e+001,-2.32119754565602e+001

8.10084220140968e+005,-2.16387263082184e+001,-2.35248813451921e+001

8.21392574440247e+005,-2.16454891566186e+001,-2.38418514349576e+001

8.32858787482825e+005,-2.16524102086595e+001,-2.41629344895989e+001

8.44485062894640e+005,-2.16594931727703e+001,-2.44881796776803e+001

8.56273635063099e+005,-2.16667418482764e+001,-2.48176365649893e+001

8.68226769566497e+005,-2.16741601271833e+001,-2.51513551063597e+001

8.80346763609423e+005,-2.16817519959354e+001,-2.54893856369072e+001

8.92635946464246e+005,-2.16895215371460e+001,-2.58317788626732e+001

9.05096679918768e+005,-2.16974729312934e+001,-2.61785858506735e+001

9.17731358730116e+005,-2.17056104583795e+001,-2.65298580183489e+001

9.30542411084985e+005,-2.17139384995464e+001,-2.68856471224147e+001

9.43532299066291e+005,-2.17224615386461e+001,-2.72460052471099e+001

9.56703519126347e+005,-2.17311841637592e+001,-2.76109847918449e+001

9.70058602566640e+005,-2.17401110686575e+001,-2.79806384582494e+001

9.83600116024313e+005,-2.17492470542071e+001,-2.83550192366231e+001

9.97330661965425e+005,-2.17585970297052e+001,-2.87341803917934e+001

1.01125287918511e+006,-2.17681660141478e+001,-2.91181754483818e+001

1.02536944331470e+006,-2.17779591374224e+001,-2.95070581754889e+001

1.03968306733597e+006,-2.17879816414211e+001,-2.99008825708017e+001

1.05419650210248e+006,-2.17982388810690e+001,-3.02997028441319e+001

1.06891253686830e+006,-2.18087363252635e+001,-3.07035734003969e+001

1.08383399982402e+006,-2.18194795577187e+001,-3.11125488220496e+001

1.09896375864031e+006,-2.18304742777101e+001,-3.15266838509733e+001

1.11430472101902e+006,-2.18417263007156e+001,-3.19460333698516e+001

1.12985983525202e+006,-2.18532415589452e+001,-3.23706523830300e+001

1.14563209078779e+006,-2.18650261017574e+001,-3.28005959968827e+001

1.16162451880595e+006,-2.18770860959538e+001,-3.32359193997045e+001

1.17784019279982e+006,-2.18894278259502e+001,-3.36766778411442e+001

1.19428222916709e+006,-2.19020576938155e+001,-3.41229266112012e+001

1.21095378780874e+006,-2.19149822191756e+001,-3.45747210188066e+001

1.22785807273632e+006,-2.19282080389764e+001,-3.50321163700116e+001

1.24499833268771e+006,-2.19417419071002e+001,-3.54951679458105e+001

1.26237786175148e+006,-2.19555906938302e+001,-3.59639309796222e+001

1.27999999999998e+006,-2.19697613851590e+001,-3.64384606344614e+001

1.29786813413122e+006,-2.19842610819345e+001,-3.69188119798297e+001

1.31598569811974e+006,-2.19990969988384e+001,-3.74050399683574e+001

1.33435617387661e+006,-2.20142764631933e+001,-3.78971994122337e+001

1.35298309191855e+006,-2.20298069135911e+001,-3.83953449594589e+001

1.37187003204643e+006,-2.20456958983403e+001,-3.88995310699600e+001

1.39102062403333e+006,-2.20619510737246e+001,-3.94098119916093e+001

1.41043854832204e+006,-2.20785802020704e+001,-3.99262417361904e+001

1.43012753673242e+006,-2.20955911496170e+001,-4.04488740553560e+001

1.45009137317860e+006,-2.21129918841855e+001,-4.09777624166275e+001

1.47033389439618e+006,-2.21307904726417e+001,-4.15129599794854e+001

1.49085899067960e+006,-2.21489950781496e+001,-4.20545195716049e+001

1.51167060662977e+006,-2.21676139572103e+001,-4.26024936652900e+001

1.53277274191220e+006,-2.21866554564844e+001,-4.31569343541683e+001

1.55416945202563e+006,-2.22061280093919e+001,-4.37178933302024e+001

1.57586484908147e+006,-2.22260401324894e+001,-4.42854218610840e+001

1.59786310259404e+006,-2.22464004216192e+001,-4.48595707680762e+001

1.62016844028193e+006,-2.22672175478298e+001,-4.54403904043707e+001

1.64278514888049e+006,-2.22885002530641e+001,-4.60279306340326e+001

1.66571757496565e+006,-2.23102573456159e+001,-4.66222408116032e+001

1.68897012578928e+006,-2.23324976953502e+001,-4.72233697624385e+001

1.71254727012620e+006,-2.23552302286905e+001,-4.78313657638600e+001

1.73645353913299e+006,-2.23784639233701e+001,-4.84462765271958e+001

1.76069352721884e+006,-2.24022078029490e+001,-4.90681491807970e+001

1.78527189292849e+006,-2.24264709310974e+001,-4.96970302541087e+001

1.81019335983753e+006,-2.24512624056471e+001,-5.03329656628840e+001

1.83546271746023e+006,-2.24765913524136e+001,-5.09760006956245e+001

1.86108482216997e+006,-2.25024669187920e+001,-5.16261800013372e+001

1.88706459813258e+006,-2.25288982671292e+001,-5.22835475786945e+001

1.91340703825269e+006,-2.25558945678790e+001,-5.29481467666872e+001

1.94011720513328e+006,-2.25834649925437e+001,-5.36200202368608e+001

1.96720023204862e+006,-2.26116187064088e+001,-5.42992099872231e+001

1.99466132393085e+006,-2.26403648610784e+001,-5.49857573379147e+001

2.02250575837021e+006,-2.26697125868178e+001,-5.56797029287285e+001

2.05073888662940e+006,-2.26996709847133e+001,-5.63810867185702e+001

2.07936613467193e+006,-2.27302491186576e+001,-5.70899479869418e+001

2.10839300420495e+006,-2.27614560071720e+001,-5.78063253375368e+001

2.13782507373659e+006,-2.27933006150762e+001,-5.85302567040287e+001

2.16766799964803e+006,-2.28257918450183e+001,-5.92617793581315e+001

2.19792751728061e+006,-2.28589385288772e+001,-6.00009299200130e+001

2.22860944203804e+006,-2.28927494190529e+001,-6.07477443711311e+001

2.25971967050404e+006,-2.29272331796577e+001,-6.15022580695662e+001

2.29126418157557e+006,-2.29623983776253e+001,-6.22645057679137e+001

2.32324903761189e+006,-2.29982534737531e+001,-6.30345216337977e+001

2.35568038559964e+006,-2.30348068136962e+001,-6.38123392730630e+001

2.38856445833418e+006,-2.30720666189299e+001,-6.45979917556942e+001

2.42190757561748e+006,-2.31100409776998e+001,-6.53915116445065e+001

2.45571614547263e+006,-2.31487378359787e+001,-6.61929310266459e+001

2.48999666537541e+006,-2.31881649884508e+001,-6.70022815479301e+001

2.52475572350295e+006,-2.32283300695423e+001,-6.78195944500519e+001

2.55999999999995e+006,-2.32692405445206e+001,-6.86449006106638e+001

2.59573626826243e+006,-2.33109037006823e+001,-6.94782305863479e+001

2.63197139623948e+006,-2.33533266386529e+001,-7.03196146584755e+001

2.66871234775322e+006,-2.33965162638182e+001,-7.11690828819435e+001

2.70596618383708e+006,-2.34404792779114e+001,-7.20266651367714e+001

2.74374006409286e+006,-2.34852221707760e+001,-7.28923911825357e+001

2.78204124806666e+006,-2.35307512123287e+001,-7.37662907155993e+001

2.82087709664407e+006,-2.35770724447412e+001,-7.46483934290989e+001

2.86025507346483e+006,-2.36241916748665e+001,-7.55387290756318e+001

2.90018274635719e+006,-2.36721144669266e+001,-7.64373275325799e+001

2.94066778879236e+006,-2.37208461354870e+001,-7.73442188700011e+001

2.98171798135919e+006,-2.37703917387344e+001,-7.82594334210024e+001

3.02334121325954e+006,-2.38207560720804e+001,-7.91830018545107e+001

3.06554548382440e+006,-2.38719436621085e+001,-8.01149552503363e+001

3.10833890405126e+006,-2.39239587608833e+001,-8.10553251764265e+001

3.15172969816293e+006,-2.39768053406397e+001,-8.20041437681916e+001

3.19572620518807e+006,-2.40304870888669e+001,-8.29614438097816e+001

3.24033688056386e+006,-2.40850074038043e+001,-8.39272588171817e+001

3.28557029776097e+006,-2.41403693903621e+001,-8.49016231229913e+001

3.33143514993129e+006,-2.41965758564799e+001,-8.58845719627408e+001

3.37794025157855e+006,-2.42536293099344e+001,-8.68761415625986e+001

3.42509454025238e+006,-2.43115319556069e+001,-8.78763692283131e+001

3.47290707826598e+006,-2.43702856932184e+001,-8.88852934352296e+001

3.52138705443768e+006,-2.44298921155405e+001,-8.99029539192193e+001

3.57054378585697e+006,-2.44903525070858e+001,-9.09293917683562e+001

3.62038671967506e+006,-2.45516678432844e+001,-9.19646495151690e+001

3.67092543492045e+006,-2.46138387901459e+001,-9.30087712293005e+001

3.72216964433992e+006,-2.46768657044100e+001,-9.40618026104010e+001

3.77412919626515e+006,-2.47407486341837e+001,-9.51237910810836e+001

3.82681407650537e+006,-2.48054873200618e+001,-9.61947858797719e+001

3.88023441026655e+006,-2.48710811967281e+001,-9.72748381532647e+001

3.93440046409724e+006,-2.49375293950302e+001,-9.83640010488552e+001

3.98932264786168e+006,-2.50048307445206e+001,-9.94623298058334e+001

4.04501151674041e+006,-2.50729837764548e+001,-1.00569881846212e+002

4.10147777325879e+006,-2.51419867272374e+001,-1.01686716864515e+002

4.15873226934385e+006,-2.52118375423012e+001,-1.02812896916482e+002

4.21678600840989e+006,-2.52825338804085e+001,-1.03948486506525e+002

4.27565014747317e+006,-2.53540731183588e+001,-1.05093552673814e+002

4.33533599929606e+006,-2.54264523560857e+001,-1.06248165076838e+002

4.39585503456121e+006,-2.54996684221273e+001,-1.07412396076325e+002

4.45721888407607e+006,-2.55737178794503e+001,-1.08586320816393e+002

4.51943934100807e+006,-2.56485970316089e+001,-1.09770017303821e+002

4.58252836315113e+006,-2.57243019292178e+001,-1.10963566485333e+002

4.64649807522377e+006,-2.58008283767175e+001,-1.12167052322795e+002

4.71136077119927e+006,-2.58781719394096e+001,-1.13380561866251e+002

4.77712891666836e+006,-2.59563279507407e+001,-1.14604185324704e+002

4.84381515123496e+006,-2.60352915198090e+001,-1.15838016134575e+002

4.91143229094526e+006,-2.61150575390712e+001,-1.17082151025796e+002

4.97999333075080e+006,-2.61956206922253e+001,-1.18336690085462e+002

5.04951144700590e+006,-2.62769754622431e+001,-1.19601736819024e+002

5.11999999999990e+006,-2.63591161395301e+001,-1.20877398208977e+002

5.19147253652485e+006,-2.64420368301845e+001,-1.22163784771033e+002

5.26394279247896e+006,-2.65257314643330e+001,-1.23461010607756e+002

5.33742469550644e+006,-2.66101938045168e+001,-1.24769193459663e+002

5.41193236767416e+006,-2.66954174541032e+001,-1.26088454753799e+002

5.48748012818571e+006,-2.67813958656985e+001,-1.27418919649792e+002

5.56408249613331e+006,-2.68681223495370e+001,-1.28760717083428e+002

5.64175419328813e+006,-2.69555900818228e+001,-1.30113979807759e+002

5.72051014692965e+006,-2.70437921129997e+001,-1.31478844431802e+002

5.80036549271437e+006,-2.71327213759278e+001,-1.32855451456860e+002

5.88133557758470e+006,-2.72223706939415e+001,-1.34243945310544e+002

5.96343596271837e+006,-2.73127327887687e+001,-1.35644474378533e+002

6.04668242651907e+006,-2.74038002882894e+001,-1.37057191034160e+002

6.13109096764879e+006,-2.74955657341120e+001,-1.38482251665893e+002

6.21667780810251e+006,-2.75880215889472e+001,-1.39919816702795e+002

6.30345939632584e+006,-2.76811602437613e+001,-1.41370050638053e+002

6.39145241037612e+006,-2.77749740246874e+001,-1.42833122050659e+002

6.48067376112770e+006,-2.78694551996797e+001,-1.44309203625362e+002

6.57114059552193e+006,-2.79645959848904e+001,-1.45798472170974e+002

6.66287029986256e+006,-2.80603885507549e+001,-1.47301108637148e+002

6.75588050315708e+006,-2.81568250277680e+001,-1.48817298129739e+002

6.85018908050475e+006,-2.82538975119364e+001,-1.50347229924866e+002

6.94581415653194e+006,-2.83515980698943e+001,-1.51891097481786e+002

7.04277410887534e+006,-2.84499187436659e+001,-1.53449098454715e+002

7.14108757171393e+006,-2.85488515550647e+001,-1.55021434703713e+002

7.24077343935009e+006,-2.86483885097158e+001,-1.56608312304765e+002

7.34185086984088e+006,-2.87485216006901e+001,-1.58209941559196e+002

7.44433928867983e+006,-2.88492428117401e+001,-1.59826537002540e+002

7.54825839253028e+006,-2.89505441201268e+001,-1.61458317413025e+002

7.65362815301072e+006,-2.90524174990289e+001,-1.63105505819783e+002

7.76046882053307e+006,-2.91548549195250e+001,-1.64768329510955e+002

7.86880092819446e+006,-2.92578483521415e+001,-1.66447020041825e+002

7.97864529572335e+006,-2.93613897679587e+001,-1.68141813243121e+002

8.09002303348081e+006,-2.94654711392683e+001,-1.69852949229658e+002

8.20295554651756e+006,-2.95700844397758e+001,-1.71580672409445e+002

8.31746453868768e+006,-2.96752216443444e+001,-1.73325231493439e+002

8.43357201681977e+006,-2.97808747282732e+001,-1.75086879506084e+002

8.55130029494632e+006,-2.98870356661077e+001,-1.76865873796805e+002

8.67067199859209e+006,-2.99936964299778e+001,-1.78662476052624e+002

8.79171006912241e+006,-3.01008489874627e+001,1.79523047687951e+002

8.91443776815212e+006,-3.02084852989779e+001,1.77690427019570e+002

9.03887868201611e+006,-3.03165973146864e+001,1.75839387153074e+002

9.16505672630224e+006,-3.04251769709309e+001,1.73969648896707e+002

9.29299615044753e+006,-3.05342161861900e+001,1.72080928635361e+002

9.42272154239852e+006,-3.06437068565579e+001,1.70172938307645e+002

9.55425783333670e+006,-3.07536408507503e+001,1.68245385380595e+002

9.68763030246989e+006,-3.08640100046415e+001,1.66297972821847e+002

9.82286458189050e+006,-3.09748061153342e+001,1.64330399069059e+002

9.95998666150159e+006,-3.10860209347702e+001,1.62342357996391e+002

1.00990228940118e+007,-3.11976461628872e+001,1.60333538877836e+002

1.02399999999998e+007,-3.13096734403304e+001,1.58303626347197e+002

1.03829450730497e+007,-3.14220943407284e+001,1.56252300354495e+002

1.05278855849579e+007,-3.15349003625447e+001,1.54179236118584e+002

1.06748493910128e+007,-3.16480829205173e+001,1.52084104075768e+002

1.08238647353483e+007,-3.17616333367003e+001,1.49966569824179e+002

1.09749602563714e+007,-3.18755428311261e+001,1.47826294063704e+002

1.11281649922666e+007,-3.19898025121042e+001,1.45662932531210e+002

1.12835083865762e+007,-3.21044033661794e+001,1.43476135930861e+002

1.14410202938593e+007,-3.22193362477710e+001,1.41265549859264e+002

1.16007309854287e+007,-3.23345918685198e+001,1.39030814725226e+002

1.17626711551694e+007,-3.24501607863712e+001,1.36771565663883e+002

1.19268719254367e+007,-3.25660333944243e+001,1.34487432444956e+002

1.20933648530381e+007,-3.26821999095831e+001,1.32178039374914e+002

1.22621819352976e+007,-3.27986503610456e+001,1.29843005192794e+002

1.24333556162050e+007,-3.29153745786723e+001,1.27481942959475e+002

1.26069187926517e+007,-3.30323621812785e+001,1.25094459940167e+002

1.27829048207522e+007,-3.31496025648971e+001,1.22680157479909e+002

1.29613475222554e+007,-3.32670848910652e+001,1.20238630871875e+002

1.31422811910438e+007,-3.33847980751876e+001,1.17769469218301e+002

1.33257405997251e+007,-3.35027307750397e+001,1.15272255283843e+002

1.35117610063141e+007,-3.36208713794704e+001,1.12746565341232e+002

1.37003781610095e+007,-3.37392079973742e+001,1.10191969009062e+002

1.38916283130638e+007,-3.38577284470036e+001,1.07608029081619e+002

1.40855482177507e+007,-3.39764202456994e+001,1.04994301350651e+002

1.42821751434278e+007,-3.40952706001149e+001,1.02350334419020e+002

1.44815468787002e+007,-3.42142663970229e+001,9.96756695062243e+001

1.46837017396817e+007,-3.43333941947892e+001,9.69698402457948e+001

1.48886785773596e+007,-3.44526402156059e+001,9.42323724746289e+001

1.50965167850605e+007,-3.45719903385784e+001,9.14627840143631e+001

1.53072563060214e+007,-3.46914300937641e+001,8.86605844449402e+001

1.55209376410661e+007,-3.48109446572611e+001,8.58252748705824e+001

1.57376018563889e+007,-3.49305188474513e+001,8.29563476784415e+001

1.59572905914467e+007,-3.50501371224982e+001,8.00532862902609e+001

1.61800460669616e+007,-3.51697835792049e+001,7.71155649074596e+001

1.64059110930351e+007,-3.52894419533333e+001,7.41426482501124e+001

1.66349290773753e+007,-3.54090956214891e+001,7.11339912903913e+001

1.68671440336395e+007,-3.55287276046678e+001,6.80890389811040e+001

1.71026005898926e+007,-3.56483205735598e+001,6.50072259800592e+001

1.73413439971842e+007,-3.57678568557032e+001,6.18879763710722e+001

1.75834201382448e+007,-3.58873184445661e+001,5.87307033825181e+001

1.78288755363042e+007,-3.60066870106351e+001,5.55348091044293e+001

1.80777573640322e+007,-3.61259439145703e+001,5.22996842052276e+001

1.83301134526044e+007,-3.62450702224800e+001,4.90247076492722e+001

1.85859923008950e+007,-3.63640467233510e+001,4.57092464164925e+001

1.88454430847970e+007,-3.64828539486521e+001,4.23526552254576e+001

1.91085156666734e+007,-3.66014721941119e+001,3.89542762613136e+001

1.93752606049397e+007,-3.67198815436475e+001,3.55134389100868e+001

1.96457291637810e+007,-3.68380618953977e+001,3.20294595009081e+001

1.99199733230031e+007,-3.69559929897863e+001,2.85016410577599e+001

2.01980457880235e+007,-3.70736544395126e+001,2.49292730623674e+001

2.04799999999995e+007,-3.71910257613335e+001,2.13116312298683e+001

2.07658901460993e+007,-3.73080864094677e+001,1.76479772988740e+001

2.10557711699157e+007,-3.74248158104184e+001,1.39375588374849e+001

2.13496987820257e+007,-3.75411933989697e+001,1.01796090667580e+001

2.16477294706965e+007,-3.76571986550776e+001,6.37334670299643e+000

2.19499205127428e+007,-3.77728111413363e+001,2.51797582009481e+000

2.22563299845331e+007,-3.78880105406592e+001,-1.38731426702907e+000

2.25670167731524e+007,-3.80027766937824e+001,-5.34334909712007e+000

2.28820405877185e+007,-3.81170896361577e+001,-9.35096913488021e+000

2.32014619708574e+007,-3.82309296337753e+001,-1.34110298206994e+001

2.35253423103387e+007,-3.83442772174260e+001,-1.75244015980383e+001

2.38537438508734e+007,-3.84571132148954e+001,-2.16919699191145e+001

2.41867297060762e+007,-3.85694187805682e+001,-2.59146352300294e+001

2.45243638705951e+007,-3.86811754219190e+001,-3.01933129370047e+001

2.48667112324099e+007,-3.87923650223751e+001,-3.45289333559617e+001

2.52138375853033e+007,-3.89029698600580e+001,-3.89224416482754e+001

2.55658096415044e+007,-3.90129726219497e+001,-4.33747977461486e+001

2.59226950445107e+007,-3.91223564130816e+001,-4.78869762716735e+001

2.62845623820876e+007,-3.92311047604199e+001,-5.24599664542431e+001

2.66514811994501e+007,-3.93392016112092e+001,-5.70947720515544e+001

2.70235220126282e+007,-3.94466313256532e+001,-6.17924112799361e+001

2.74007563220189e+007,-3.95533786639384e+001,-6.65539167601722e+001

2.77832566261276e+007,-3.96594287677640e+001,-7.13803354852768e+001

2.81710964355012e+007,-3.97647671367065e+001,-7.62727288168342e+001

2.85643502868556e+007,-3.98693795999354e+001,-8.12321725164871e+001

2.89630937574003e+007,-3.99732522839912e+001,-8.62597568188976e+001

2.93674034793634e+007,-4.00763715775419e+001,-9.13565865520156e+001

2.97773571547192e+007,-4.01787240942338e+001,-9.65237813097124e+001

3.01930335701210e+007,-4.02802966349491e+001,-1.01762475680762e+002

3.06145126120428e+007,-4.03810761509579e+001,-1.07073819536779e+002

3.10418752821322e+007,-4.04810497096021e+001,-1.12458978380027e+002

3.14752037127777e+007,-4.05802044642567e+001,-1.17919133750010e+002

3.19145811828933e+007,-4.06785276303689e+001,-1.23455483685519e+002

3.23600921339231e+007,-4.07760064693735e+001,-1.29069243236297e+002

3.28118221860701e+007,-4.08726282821913e+001,-1.34761645015876e+002

3.32698581547506e+007,-4.09683804138542e+001,-1.40533939784442e+002

3.37342880672789e+007,-4.10632502705291e+001,-1.46387397047954e+002

3.42052011797851e+007,-4.11572253498513e+001,-1.52323305657329e+002

3.46826879943682e+007,-4.12502932850060e+001,-1.58342974389431e+002

3.51668402764895e+007,-4.13424419024347e+001,-1.64447732490083e+002

3.56577510726083e+007,-4.14336592923926e+001,-1.70638930158520e+002

3.61555147280643e+007,-4.15239338908645e+001,-1.76917938952769e+002

3.66602269052088e+007,-4.16132545705874e+001,1.76713847903338e+002

3.71719846017899e+007,-4.17016107381653e+001,1.70255015328472e+002

3.76908861695939e+007,-4.17889924335303e+001,1.63704126320672e+002

3.82170313333466e+007,-4.18753904273703e+001,1.57059722030937e+002

3.87505212098794e+007,-4.19607963116425e+001,1.50320321975366e+002

3.92914583275618e+007,-4.20452025780055e+001,1.43484424380148e+002

3.98399466460062e+007,-4.21286026789745e+001,1.36550506645205e+002

4.03960915760469e+007,-4.22109910668934e+001,1.29517025903375e+002

4.09599999999989e+007,-4.22923632064743e+001,1.22382419642930e+002

4.15317802921985e+007,-4.23727155576925e+001,1.15145106352849e+002

4.21115423398314e+007,-4.24520455272639e+001,1.07803486143130e+002

4.26993975640512e+007,-4.25303513887285e+001,1.00355941287433e+002

4.32954589413930e+007,-4.26076321732705e+001,9.28008366332700e+001

4.38998410254854e+007,-4.26838875357063e+001,8.51365198265740e+001

4.45126599690662e+007,-4.27591176024291e+001,7.73613213033747e+001

4.51340335463048e+007,-4.28333228103316e+001,6.94735540119119e+001

4.57640811754369e+007,-4.29065037476075e+001,6.14715128438634e+001

4.64029239417147e+007,-4.29786610086378e+001,5.33534737730903e+001

4.70506846206773e+007,-4.30497950756545e+001,4.51176927235164e+001

4.77074877017467e+007,-4.31199062393314e+001,3.67624042130630e+001

4.83734594121523e+007,-4.31889945687198e+001,2.82858198459489e+001

4.90487277411900e+007,-4.32570599379561e+001,1.96861267487149e+001

4.97334224648198e+007,-4.33241021129480e+001,1.09614860632348e+001

5.04276751706064e+007,-4.33901208959913e+001,2.11003161985672e+000

5.11316192830087e+007,-4.34551163203051e+001,-6.87013108701086e+000

5.18453900890213e+007,-4.35190888803141e+001,-1.59809255122197e+001

5.25691247641751e+007,-4.35820397777806e+001,-2.52243041810878e+001

5.33029623989002e+007,-4.36439711593461e+001,-3.46022482787769e+001

5.40470440252563e+007,-4.37048863184630e+001,-4.41167667211615e+001

5.48015126440377e+007,-4.37647898347812e+001,-5.37698947813077e+001

5.55665132522551e+007,-4.38236876273743e+001,-6.35636924083428e+001

5.63421928710024e+007,-4.38815869049729e+001,-7.35002424325168e+001

5.71287005737111e+007,-4.39384960064870e+001,-8.35816488929579e+001

5.79261875148004e+007,-4.39944241378680e+001,-9.38100357442932e+001

5.87348069587267e+007,-4.40493810255985e+001,-1.04187546187373e+002

5.95547143094383e+007,-4.41033765210900e+001,-1.14716342822861e+002

6.03860671402418e+007,-4.41564202019207e+001,-1.25398608743713e+002

6.12290252240854e+007,-4.42085210229230e+001,-1.36236549568275e+002

6.20837505642642e+007,-4.42596870705602e+001,-1.47232396280770e+002

6.29504074255552e+007,-4.43099254663615e+001,-1.58388408607444e+002

6.38291623657864e+007,-4.43592424489158e+001,-1.69706878536137e+002

6.47201842678461e+007,-4.44076436399870e+001,1.78809866491266e+002

6.56236443721400e+007,-4.44551344711739e+001,1.67159461197996e+002

6.65397163095010e+007,-4.45017207172265e+001,1.55339501321158e+002

6.74685761345577e+007,-4.45474090558924e+001,1.43347543956028e+002

6.84104023595701e+007,-4.45922075577211e+001,1.31181109434506e+002

6.93653759887363e+007,-4.46361260078213e+001,1.18837684501002e+002

7.03336805529788e+007,-4.46791759786138e+001,1.06314726269433e+002

7.13155021452165e+007,-4.47213706086566e+001,9.36096662165925e+001

7.23110294561284e+007,-4.47627240942400e+001,8.07199133479181e+001

7.33204538104174e+007,-4.48032509600132e+001,6.76428557106072e+001

7.43439692035797e+007,-4.48429652310892e+001,5.43758596512395e+001

7.53817723391876e+007,-4.48818796685231e+001,4.09162666101255e+001

7.64340626666931e+007,-4.49200052400662e+001,2.72613877581663e+001

7.75010424197586e+007,-4.49573509699716e+001,1.34084973175880e+001

7.85829166551234e+007,-4.49939242440656e+001,-6.45174160530811e-001

7.96798932920122e+007,-4.50297315478003e+001,-1.49024450918223e+001

8.07921831520937e+007,-4.50647795043054e+001,-2.93661853952415e+001

8.19199999999977e+007,-4.50990759832122e+001,-4.40393154470086e+001

8.30635605843968e+007,-4.51326309984219e+001,-5.89248014479502e+001

8.42230846796626e+007,-4.51654571280162e+001,-7.40256481696164e+001

8.53987951281022e+007,-4.51975692823198e+001,-8.93448909180434e+001

8.65909178827858e+007,-4.52289838061032e+001,-1.04885589054288e+002

8.77996820509706e+007,-4.52597170941331e+001,-1.20650823306719e+002

8.90253199381321e+007,-4.52897840728703e+001,-1.36643698303889e+002

9.02680670926093e+007,-4.53191969954534e+001,-1.52867350355194e+002

9.15281623508736e+007,-4.53479649642063e+001,-1.69324958841204e+002

9.28058478834291e+007,-4.53760944185613e+001,1.73980241848621e+002

9.41013692413544e+007,-4.54035905368289e+001,1.57044953531509e+002

9.54149754034931e+007,-4.54304591763793e+001,1.39865811758616e+002

9.67469188243043e+007,-4.54567087293890e+001,1.22439391035132e+002

9.80974554823798e+007,-4.54823512093566e+001,1.04762216504986e+002

9.94668449296393e+007,-4.55074020704914e+001,8.68307782562843e+001

1.00855350341213e+008,-4.55318786771216e+001,6.86415428141609e+001

1.02263238566017e+008,-4.55557978637573e+001,5.01909566886555e+001

1.03690780178042e+008,-4.55791734632624e+001,3.14754393154810e+001

1.05138249528350e+008,-4.56020148250304e+001,1.24913667725310e+001

1.06605924797800e+008,-4.56243270710850e+001,-6.76494816961756e+000

1.08094088050512e+008,-4.56461131803003e+001,-2.62972716590914e+001

1.09603025288075e+008,-4.56673771731878e+001,-4.61094528187633e+001

1.11133026504510e+008,-4.56881270476341e+001,-6.62054133603315e+001

1.12684385742004e+008,-4.57083760353041e+001,-8.65891263766979e+001

1.14257401147422e+008,-4.57281413642724e+001,-1.07264593809968e+002

1.15852375029601e+008,-4.57474408558185e+001,-1.28235834176649e+002

1.17469613917453e+008,-4.57662888589733e+001,-1.49506888516315e+002

1.19109428618876e+008,-4.57846936031194e+001,-1.71081843974029e+002

1.20772134280483e+008,-4.58026575779532e+001,1.67035135336704e+002

1.22458050448171e+008,-4.58201810804422e+001,1.44839786170720e+002

1.24167501128528e+008,-4.58372672549971e+001,1.22327745976196e+002

1.25900814851110e+008,-4.58539258192344e+001,9.94945768665048e+001

1.27658324731572e+008,-4.58701730585155e+001,7.63358014621245e+001

1.29440368535692e+008,-4.58860276581082e+001,5.28469290762720e+001

1.31247288744280e+008,-4.59015045591086e+001,2.90234537779495e+001

1.33079432619002e+008,-4.59166106505690e+001,4.86082175542748e+000

1.34937152269115e+008,-4.59313454196368e+001,-1.96456141377895e+001

1.36820804719140e+008,-4.59457066798670e+001,-4.45006232463667e+001

1.38730751977472e+008,-4.59596978821171e+001,-6.97090875916873e+001

1.40667361105957e+008,-4.59733318447333e+001,-9.52759572166489e+001

1.42631004290433e+008,-4.59866276936932e+001,-1.21206200608645e+002

1.44622058912256e+008,-4.59996025945122e+001,-1.47504788581079e+002

1.46640907620835e+008,-4.60122642209033e+001,-1.74176728949639e+002

1.48687938407159e+008,-4.60246101567035e+001,1.58772869563060e+002

1.50763544678375e+008,-4.60366355141157e+001,1.31338753274623e+002

1.52868125333386e+008,-4.60483431834292e+001,1.03515538359713e+002

1.55002084839517e+008,-4.60597480207973e+001,7.52977772476071e+001

1.57165833310246e+008,-4.60708705270262e+001,4.66800216812154e+001

1.59359786584024e+008,-4.60817246813309e+001,1.76568228594396e+001

1.61584366304187e+008,-4.60923108053142e+001,-1.17773394903281e+001

1.63839999999995e+008,-4.61026209493685e+001,-4.16281391199126e+001

1.66127121168793e+008,-4.61126528145389e+001,-7.19014169355681e+001

1.68446169359325e+008,-4.61224189167346e+001,-1.02603106007238e+002

1.70797590256204e+008,-4.61319408678126e+001,-1.33739138026212e+002

1.73181835765571e+008,-4.61412333038422e+001,-1.65315430987162e+002

1.75599364101941e+008,-4.61502940572129e+001,1.62662018251843e+002

1.78050639876264e+008,-4.61591123534706e+001,1.30187028514543e+002

1.80536134185218e+008,-4.61676874673650e+001,9.72532353701838e+001

1.83056324701747e+008,-4.61760367973812e+001,6.38542073522389e+001

1.85611695766858e+008,-4.61841824122731e+001,2.99835465625014e+001

1.88202738482708e+008,-4.61921305897320e+001,-4.36515503496181e+000

1.90829950806986e+008,-4.61998697740539e+001,-3.91984644513518e+001

1.93493837648608e+008,-4.62073915421459e+001,-7.45231792691516e+001

1.96194910964759e+008,-4.62147088160983e+001,-1.10346219691367e+002

1.98933689859278e+008,-4.62218460064923e+001,-1.46674472867834e+002

2.01710700682425e+008,-4.62288121161820e+001,1.76485194284188e+002

2.04526477132034e+008,-4.62355938760456e+001,1.39125753332780e+002

2.07381560356084e+008,-4.62421810536413e+001,1.01239913153608e+002

2.10276499056700e+008,-4.62485888582549e+001,6.28202581940808e+001

2.13211849595600e+008,-4.62548424795447e+001,2.38594335075143e+001

2.16188176101024e+008,-4.62609445760408e+001,-1.56499143137505e+001

2.19206050576150e+008,-4.62668767955140e+001,-5.57153703662113e+001

2.22266053009019e+008,-4.62726360512130e+001,-9.63447908112637e+001

2.25368771484008e+008,-4.62782472411982e+001,-1.37546065765646e+002

2.28514802294843e+008,-4.62837281230226e+001,-1.79326994365254e+002

2.31704750059200e+008,-4.62890643413397e+001,1.38304492993046e+002

2.34939227834906e+008,-4.62942409100033e+001,9.53401346390609e+001

2.38218857237752e+008,-4.62992767347455e+001,5.17715305572918e+001

2.41544268560966e+008,-4.63041968755138e+001,7.59039366228078e+000

2.44916100896340e+008,-4.63089909579705e+001,-3.72116264308372e+001

2.48335002257056e+008,-4.63136390613935e+001,-8.26432375161502e+001

2.51801629702220e+008,-4.63181583217622e+001,-1.28713333829216e+002

2.55316649463144e+008,-4.63225754553812e+001,-1.75430678739371e+002

2.58880737071383e+008,-4.63268772511381e+001,1.37195896082087e+002

2.62494577488559e+008,-4.63310442055609e+001,8.91571599899593e+001

2.66158865238003e+008,-4.63350996820563e+001,4.04437363058782e+001

2.69874304538230e+008,-4.63390651178644e+001,-8.95358932565029e+000

2.73641609438279e+008,-4.63429170592530e+001,-5.90442134868887e+001

2.77461503954944e+008,-4.63466468600497e+001,-1.09837957391974e+002

2.81334722211914e+008,-4.63502877113645e+001,-1.61344624520707e+002

2.85262008580865e+008,-4.63538407650293e+001,1.46426091675343e+002

2.89244117824512e+008,-4.63572770379690e+001,9.34640918579297e+001

2.93281815241668e+008,-4.63606152735453e+001,3.97590084847071e+001

2.97375876814318e+008,-4.63638795710229e+001,-1.46993211761494e+001

3.01527089356749e+008,-4.63670405971991e+001,-6.99212750965761e+001

3.05736250666771e+008,-4.63700967065020e+001,-1.25917694036145e+002

3.10004169679033e+008,-4.63730816816272e+001,1.77300722412487e+002

3.14331666620492e+008,-4.63759732276732e+001,1.19723235747123e+002

3.18719573168047e+008,-4.63787549229769e+001,6.13385632159301e+001

3.23168732608373e+008,-4.63814609391078e+001,2.13547218310633e+000

3.27679999999989e+008,-4.63840714302772e+001,-5.78972221353407e+001

3.32254242337586e+008,-4.63865616662778e+001,-1.18771295676115e+002

3.36892338718649e+008,-4.63889631074254e+001,1.79501478374141e+002

3.41595180512407e+008,-4.63912516317007e+001,1.16909339059207e+002

3.46363671531142e+008,-4.63934115088519e+001,5.34398477747426e+001

3.51198728203881e+008,-4.63954981090415e+001,-1.09194038522974e+001

3.56101279752527e+008,-4.63975345936699e+001,-7.61808652130674e+001

3.61072268370436e+008,-4.63996104502528e+001,-1.42357328928436e+002

3.66112649403493e+008,-4.64018396471515e+001,1.50539170256370e+002

3.71223391533715e+008,-4.64041839160303e+001,8.24966028898966e+001

3.76405476965416e+008,-4.64065800944497e+001,1.35022223708623e+001

3.81659901613971e+008,-4.64089345052008e+001,-5.64569980419405e+001

3.86987675297216e+008,-4.64111665840101e+001,-1.27395002331520e+002

3.92389821929517e+008,-4.64133048904379e+001,1.60674287675231e+002

3.97867379718556e+008,-4.64153237141103e+001,8.77369813929637e+001

4.03421401364849e+008,-4.64172515157293e+001,1.37787014264262e+001

4.09052954264066e+008,-4.64191078533026e+001,-6.12145631747071e+001

4.14763120712167e+008,-4.64208758240460e+001,-1.37257449660219e+002

4.20552998113398e+008,-4.64226009502556e+001,1.45635505540975e+002

4.26423699191198e+008,-4.64242491222462e+001,6.74495156726430e+001

4.32376352202047e+008,-4.64258587701020e+001,-1.18305856145358e+001

4.38412101152298e+008,-4.64274102834409e+001,-9.22198166600969e+001

4.44532106018038e+008,-4.64289167695988e+001,-1.73733878774201e+002

4.50737542968016e+008,-4.64303827920193e+001,1.03611826503282e+002

4.57029604589685e+008,-4.64317974700982e+001,1.98011702248246e+001

4.63409500118400e+008,-4.64331836666116e+001,-6.51817347345686e+001

4.69878455669810e+008,-4.64345159909220e+001,-1.51353404524233e+002

4.76437714475503e+008,-4.64358264900514e+001,1.21269755596929e+002

4.83088537121932e+008,-4.64370836877539e+001,3.26708249474629e+001

4.89832201792680e+008,-4.64383224107119e+001,-5.71671106396954e+001

4.96670004514110e+008,-4.64395100960182e+001,-1.48261420795233e+002

5.03603259404439e+008,-4.64406806960667e+001,1.19370494885121e+002

5.10633298926288e+008,-4.64418038019863e+001,2.57107673846180e+001

5.17761474142765e+008,-4.64429091681188e+001,-6.92584665100932e+001

5.24989154977117e+008,-4.64439727378776e+001,-1.65555618223517e+002

5.32317730476004e+008,-4.64450146580115e+001,9.68009910593035e+001

5.39748609076458e+008,-4.64460239909905e+001,-2.20760956080075e+000

5.47283218876557e+008,-4.64470037463999e+001,-1.02600233516552e+002

5.54923007909887e+008,-4.64479630316549e+001,1.55603624402231e+002

5.62669444423827e+008,-4.64488837525865e+001,5.23845623621019e+001

5.70524017161728e+008,-4.64497930141667e+001,-5.22773467871115e+001

5.78488235649024e+008,-4.64506624658777e+001,-1.58402217370451e+002

5.86563630483336e+008,-4.64515165063063e+001,9.39896515991757e+001

5.94751753628634e+008,-4.64523440659045e+001,-1.51225789589284e+001

6.03054178713497e+008,-4.64531403339002e+001,-1.25759709127553e+002

6.11472501333541e+008,-4.64539247135003e+001,1.22056899019548e+002

6.20008339358065e+008,-4.64546735351298e+001,8.30567946885717e+000

6.28663333240983e+008,-4.64554010047598e+001,-1.07035110104848e+002

6.37439146336093e+008,-4.64561094825498e+001,1.36012231370003e+002

6.46337465216745e+008,-4.64567796594076e+001,1.74253020699359e+001

6.55359999999977e+008,-4.64574257627897e+001,-1.02818620552559e+002

6.64508484675170e+008,-4.64580411105163e+001,1.35257251495782e+002

6.73784677437296e+008,-4.64586025261625e+001,1.16295617140950e+001

6.83190361024813e+008,-4.64591066675701e+001,-1.13725389519942e+002

6.92727343062282e+008,-4.64595260432580e+001,1.19168166223086e+002

7.02397456407760e+008,-4.64597955020372e+001,-9.71442509715159e+000

7.12202559505052e+008,-4.64598642584827e+001,-1.40398684013998e+002

7.22144536740870e+008,-4.64598622171758e+001,8.70884193532142e+001

7.32225298806984e+008,-4.64603487073284e+001,-4.72786452712604e+001

7.42446783067428e+008,-4.64614536993749e+001,1.76479238161947e+002

7.52810953930830e+008,-4.64625598718251e+001,3.83372962989640e+001

7.63319803227940e+008,-4.64634441458488e+001,-1.01733110036263e+002

7.73975350594429e+008,-4.64641598804163e+001,1.16239919480853e+002

7.84779643859033e+008,-4.64647699196806e+001,-2.77712150889456e+001

7.95734759437109e+008,-4.64653143971219e+001,-1.73794208612240e+002

8.06842802729695e+008,-4.64658184700617e+001,3.81428979536806e+001

8.18105908528131e+008,-4.64662957870117e+001,-1.11988342690461e+002

8.29526241424333e+008,-4.64667517572254e+001,9.57832229633370e+001

8.41105996226795e+008,-4.64671881169200e+001,-5.85716439876189e+001

8.52847398382395e+008,-4.64676062792282e+001,1.44917415263229e+002

8.64752704404093e+008,-4.64680082759401e+001,-1.37796582261287e+001

8.76824202304595e+008,-4.64683962427260e+001,-1.74693351547438e+002

8.89064212036074e+008,-4.64687717762324e+001,2.21454157508382e+001

9.01475085936030e+008,-4.64691357385832e+001,-1.43294710451944e+002

9.14059209179369e+008,-4.64694884172615e+001,4.89544780693372e+001

9.26819000236798e+008,-4.64698297639942e+001,-1.21139252943403e+002

9.39756911339618e+008,-4.64701595377044e+001,6.63914138210383e+001

9.52875428951004e+008,-4.64704773070119e+001,-1.08486658983242e+002

9.66177074243861e+008,-4.64707823210678e+001,7.41929306808385e+001

9.79664403585357e+008,-4.64710732340982e+001,-1.05603881174729e+002

9.93340009028218e+008,-4.64713475818137e+001,7.20883708095958e+001

1.00000000000000e+009,-4.64714753775276e+001,-1.66955090306818e+001

