Freq.,VOut,OutRef

1.00000000000000e+004,-1.27652177639209e+000,-1.70545366322420e-001

1.01395947979003e+004,-1.27652167550828e+000,-1.72926091900221e-001

1.02811382665607e+004,-1.27652157178836e+000,-1.75340051209660e-001

1.04246576084112e+004,-1.27652146515237e+000,-1.77787708179410e-001

1.05701804056138e+004,-1.27652135551845e+000,-1.80269533212665e-001

1.07177346253629e+004,-1.27652124280231e+000,-1.82786003279412e-001

1.08673486252606e+004,-1.27652112691724e+000,-1.85337602009000e-001

1.10190511587661e+004,-1.27652100777429e+000,-1.87924819780433e-001

1.11728713807222e+004,-1.27652088528170e+000,-1.90548153820068e-001

1.13288388529580e+004,-1.27652075934553e+000,-1.93208108293348e-001

1.14869835499703e+004,-1.27652062986874e+000,-1.95905194406163e-001

1.16473358646846e+004,-1.27652049675187e+000,-1.98639930498809e-001

1.18099266142953e+004,-1.27652035989264e+000,-2.01412842147349e-001

1.19747870461893e+004,-1.27652021918576e+000,-2.04224462266615e-001

1.21419488439505e+004,-1.27652007452317e+000,-2.07075331208072e-001

1.23114441334492e+004,-1.27651992579348e+000,-2.09965996869205e-001

1.24833054890161e+004,-1.27651977288250e+000,-2.12897014793894e-001

1.26575659397028e+004,-1.27651961567256e+000,-2.15868948282225e-001

1.28342589756290e+004,-1.27651945404294e+000,-2.18882368496988e-001

1.30134185544193e+004,-1.27651928786930e+000,-2.21937854574944e-001

1.31950791077289e+004,-1.27651911702384e+000,-2.25035993737753e-001

1.33792755478611e+004,-1.27651894137534e+000,-2.28177381403264e-001

1.35660432744767e+004,-1.27651876078870e+000,-2.31362621302579e-001

1.37554181813974e+004,-1.27651857512516e+000,-2.34592325593523e-001

1.39474366635040e+004,-1.27651838424189e+000,-2.37867114980807e-001

1.41421356237309e+004,-1.27651818799226e+000,-2.41187618832531e-001

1.43395524801583e+004,-1.27651798622524e+000,-2.44554475304709e-001

1.45397251732031e+004,-1.27651777878589e+000,-2.47968331459311e-001

1.47426921729110e+004,-1.27651756551464e+000,-2.51429843393250e-001

1.49484924863494e+004,-1.27651734624758e+000,-2.54939676361072e-001

1.51571656651040e+004,-1.27651712081616e+000,-2.58498504905220e-001

1.53687518128801e+004,-1.27651688904700e+000,-2.62107012984110e-001

1.55832915932100e+004,-1.27651665076195e+000,-2.65765894104119e-001

1.58008262372675e+004,-1.27651640577785e+000,-2.69475851452636e-001

1.60213975517924e+004,-1.27651615390638e+000,-2.73237598033903e-001

1.62450479271247e+004,-1.27651589495387e+000,-2.77051856805288e-001

1.64718203453514e+004,-1.27651562872131e+000,-2.80919360816361e-001

1.67017583885674e+004,-1.27651535500405e+000,-2.84840853350266e-001

1.69349062472505e+004,-1.27651507359151e+000,-2.88817088067328e-001

1.71713087287550e+004,-1.27651478426754e+000,-2.92848829146544e-001

1.74110112659224e+004,-1.27651448680967e+000,-2.96936851436568e-001

1.76540599258131e+004,-1.27651418098914e+000,-3.01081940602740e-001

1.79005014185594e+004,-1.27651386657090e+000,-3.05284893277953e-001

1.81503831063432e+004,-1.27651354331328e+000,-3.09546517215539e-001

1.84037530124975e+004,-1.27651321096774e+000,-3.13867631446121e-001

1.86606598307361e+004,-1.27651286927881e+000,-3.18249066432752e-001

1.89211529345119e+004,-1.27651251798380e+000,-3.22691664233043e-001

1.91852823865052e+004,-1.27651215681269e+000,-3.27196278658630e-001

1.94530989482457e+004,-1.27651178548773e+000,-3.31763775441421e-001

1.97246540898671e+004,-1.27651140372357e+000,-3.36395032397899e-001

1.99999999999999e+004,-1.27651101122663e+000,-3.41090939600005e-001

2.02791895958005e+004,-1.27651060769534e+000,-3.45852399543861e-001

2.05622765331213e+004,-1.27651019281933e+000,-3.50680327325709e-001

2.08493152168224e+004,-1.27650976627973e+000,-3.55575650816161e-001

2.11403608112276e+004,-1.27650932774869e+000,-3.60539310838522e-001

2.14354692507258e+004,-1.27650887688894e+000,-3.65572261351944e-001

2.17346972505211e+004,-1.27650841335403e+000,-3.70675469630364e-001

2.20381023175322e+004,-1.27650793678764e+000,-3.75849916452489e-001

2.23457427614443e+004,-1.27650744682329e+000,-3.81096596289644e-001

2.26576777059159e+004,-1.27650694308444e+000,-3.86416517494387e-001

2.29739670999406e+004,-1.27650642518371e+000,-3.91810702498269e-001

2.32946717293690e+004,-1.27650589272313e+000,-3.97280188003752e-001

2.36198532285905e+004,-1.27650534529333e+000,-4.02826025187997e-001

2.39495740923785e+004,-1.27650478247343e+000,-4.08449279902124e-001

2.42838976879009e+004,-1.27650420383076e+000,-4.14151032877243e-001

2.46228882668982e+004,-1.27650360892060e+000,-4.19932379931109e-001

2.49666109780322e+004,-1.27650299728554e+000,-4.25794432180491e-001

2.53151318794055e+004,-1.27650236845543e+000,-4.31738316252959e-001

2.56685179512580e+004,-1.27650172194688e+000,-4.37765174504759e-001

2.60268371088386e+004,-1.27650105726278e+000,-4.43876165240516e-001

2.63901582154578e+004,-1.27650037389237e+000,-4.50072462933350e-001

2.67585510957221e+004,-1.27649967131023e+000,-4.56355258454998e-001

2.71320865489533e+004,-1.27649894897624e+000,-4.62725759301396e-001

2.75108363627948e+004,-1.27649820633514e+000,-4.69185189825545e-001

2.78948733270080e+004,-1.27649744281616e+000,-4.75734791473154e-001

2.82842712474618e+004,-1.27649665783223e+000,-4.82375823022102e-001

2.86791049603164e+004,-1.27649585077998e+000,-4.89109560823003e-001

2.90794503464061e+004,-1.27649502103894e+000,-4.95937299045788e-001

2.94853843458219e+004,-1.27649416797138e+000,-5.02860349926986e-001

2.98969849726987e+004,-1.27649329092152e+000,-5.09880044023669e-001

3.03143313302078e+004,-1.27649238921509e+000,-5.16997730468832e-001

3.07375036257601e+004,-1.27649146215910e+000,-5.24214777229250e-001

3.11665831864199e+004,-1.27649050904070e+000,-5.31532571371872e-001

3.16016524745350e+004,-1.27648952912738e+000,-5.38952519326310e-001

3.20427951035848e+004,-1.27648852166585e+000,-5.46476047158073e-001

3.24900958542493e+004,-1.27648748588163e+000,-5.54104600842474e-001

3.29436406907028e+004,-1.27648642097857e+000,-5.61839646541363e-001

3.34035167771346e+004,-1.27648532613800e+000,-5.69682670886791e-001

3.38698124945009e+004,-1.27648420051841e+000,-5.77635181264570e-001

3.43426174575100e+004,-1.27648304325449e+000,-5.85698706106622e-001

3.48220225318448e+004,-1.27648185345673e+000,-5.93874795182907e-001

3.53081198516260e+004,-1.27648063021046e+000,-6.02165019900723e-001

3.58010028371187e+004,-1.27647937257551e+000,-6.10570973605738e-001

3.63007662126863e+004,-1.27647807958505e+000,-6.19094271889675e-001

3.68075060249948e+004,-1.27647675024526e+000,-6.27736552899447e-001

3.73213196614721e+004,-1.27647538353422e+000,-6.36499477653796e-001

3.78423058690237e+004,-1.27647397840139e+000,-6.45384730361442e-001

3.83705647730104e+004,-1.27647253376678e+000,-6.54394018744947e-001

3.89061978964912e+004,-1.27647104851990e+000,-6.63529074370258e-001

3.94493081797342e+004,-1.27646952151905e+000,-6.72791652978751e-001

3.99999999999998e+004,-1.27646795159055e+000,-6.82183534824965e-001

4.05583791916010e+004,-1.27646633752762e+000,-6.91706525019290e-001

4.11245530662425e+004,-1.27646467808959e+000,-7.01362453875190e-001

4.16986304336447e+004,-1.27646297200094e+000,-7.11153177260289e-001

4.22807216224550e+004,-1.27646121795032e+000,-7.21080576954665e-001

4.28709385014515e+004,-1.27645941458949e+000,-7.31146561011528e-001

4.34693945010421e+004,-1.27645756053224e+000,-7.41353064125312e-001

4.40762046350642e+004,-1.27645565435350e+000,-7.51702048003265e-001

4.46914855228886e+004,-1.27645369458819e+000,-7.62195501741474e-001

4.53153554118317e+004,-1.27645167972989e+000,-7.72835442210533e-001

4.59479341998812e+004,-1.27644960822999e+000,-7.83623914440309e-001

4.65893434587380e+004,-1.27644747849622e+000,-7.94562992015568e-001

4.72397064571810e+004,-1.27644528889174e+000,-8.05654777473136e-001

4.78991481847569e+004,-1.27644303773344e+000,-8.16901402708178e-001

4.85677953758016e+004,-1.27644072329118e+000,-8.28305029382266e-001

4.92457765337964e+004,-1.27643834378609e+000,-8.39867849340557e-001

4.99332219560642e+004,-1.27643589738917e+000,-8.51592085034005e-001

5.06302637588109e+004,-1.27643338222018e+000,-8.63479989944978e-001

5.13370359025159e+004,-1.27643079634605e+000,-8.75533849022308e-001

5.20536742176771e+004,-1.27642813777924e+000,-8.87755979120692e-001

5.27803164309155e+004,-1.27642540447652e+000,-9.00148729445974e-001

5.35171021914442e+004,-1.27642259433705e+000,-9.12714482007889e-001

5.42641730979066e+004,-1.27641970520110e+000,-9.25455652077730e-001

5.50216727255895e+004,-1.27641673484817e+000,-9.38374688653237e-001

5.57897466540159e+004,-1.27641368099541e+000,-9.51474074929922e-001

5.65685424949235e+004,-1.27641054129582e+000,-9.64756328778946e-001

5.73582099206328e+004,-1.27640731333634e+000,-9.78224003232085e-001

5.81589006928121e+004,-1.27640399463613e+000,-9.91879686972672e-001

5.89707686916437e+004,-1.27640058264480e+000,-1.00572600483270e+000

5.97939699453972e+004,-1.27639707474002e+000,-1.01976561830063e+000

6.06286626604156e+004,-1.27639346822599e+000,-1.03400122603088e+000

6.14750072515201e+004,-1.27638976033108e+000,-1.04843556436505e+000

6.23331663728396e+004,-1.27638594820576e+000,-1.06307140785781e+000

6.32033049490698e+004,-1.27638202892037e+000,-1.07791156981194e+000

6.40855902071694e+004,-1.27637799946307e+000,-1.09295890281846e+000

6.49801917084985e+004,-1.27637385673731e+000,-1.10821629930673e+000

6.58872813814055e+004,-1.27636959755949e+000,-1.12368669210138e+000

6.68070335542691e+004,-1.27636521865668e+000,-1.13937305498657e+000

6.77396249890018e+004,-1.27636071666381e+000,-1.15527840327922e+000

6.86852349150199e+004,-1.27635608812141e+000,-1.17140579440823e+000

6.96440450636895e+004,-1.27635132947279e+000,-1.18775832850488e+000

7.06162397032520e+004,-1.27634643706123e+000,-1.20433914899875e+000

7.16020056742374e+004,-1.27634140712732e+000,-1.22115144322404e+000

7.26015324253724e+004,-1.27633623580614e+000,-1.23819844303187e+000

7.36150120499896e+004,-1.27633091912396e+000,-1.25548342541504e+000

7.46426393229441e+004,-1.27632545299563e+000,-1.27300971313659e+000

7.56846117380472e+004,-1.27631983322110e+000,-1.29078067537211e+000

7.67411295460207e+004,-1.27631405548237e+000,-1.30879972835769e+000

7.78123957929823e+004,-1.27630811534007e+000,-1.32707033604863e+000

7.88986163594682e+004,-1.27630200823026e+000,-1.34559601078585e+000

7.99999999999995e+004,-1.27629572946061e+000,-1.36438031397407e+000

8.11167583832018e+004,-1.27628927420718e+000,-1.38342685676673e+000

8.22491061324848e+004,-1.27628263751029e+000,-1.40273930076334e+000

8.33972608672892e+004,-1.27627581427112e+000,-1.42232135871365e+000

8.45614432449099e+004,-1.27626879924765e+000,-1.44217679523409e+000

8.57418770029029e+004,-1.27626158705037e+000,-1.46230942753421e+000

8.69387890020841e+004,-1.27625417213869e+000,-1.48272312615059e+000

8.81524092701283e+004,-1.27624654881626e+000,-1.50342181569441e+000

8.93829710457770e+004,-1.27623871122666e+000,-1.52440947560851e+000

9.06307108236633e+004,-1.27623065334916e+000,-1.54569014093352e+000

9.18958683997622e+004,-1.27622236899389e+000,-1.56726790308651e+000

9.31786869174758e+004,-1.27621385179703e+000,-1.58914691065050e+000

9.44794129143618e+004,-1.27620509521616e+000,-1.61133137017429e+000

9.57982963695136e+004,-1.27619609252507e+000,-1.63382554698381e+000

9.71355907516031e+004,-1.27618683680877e+000,-1.65663376600500e+000

9.84915530675926e+004,-1.27617732095797e+000,-1.67976041259836e+000

9.98664439121282e+004,-1.27616753766375e+000,-1.70320993340587e+000

1.01260527517622e+005,-1.27615747941212e+000,-1.72698683720734e+000

1.02674071805032e+005,-1.27614713847793e+000,-1.75109569579302e+000

1.04107348435354e+005,-1.27613650691933e+000,-1.77554114484353e+000

1.05560632861831e+005,-1.27612557657129e+000,-1.80032788482719e+000

1.07034204382888e+005,-1.27611433903965e+000,-1.82546068190607e+000

1.08528346195813e+005,-1.27610278569462e+000,-1.85094436885686e+000

1.10043345451179e+005,-1.27609090766411e+000,-1.87678384600416e+000

1.11579493308032e+005,-1.27607869582703e+000,-1.90298408216710e+000

1.13137084989847e+005,-1.27606614080620e+000,-1.92955011561903e+000

1.14716419841265e+005,-1.27605323296125e+000,-1.95648705506155e+000

1.16317801385624e+005,-1.27603996238132e+000,-1.98380008061068e+000

1.17941537383287e+005,-1.27602631887721e+000,-2.01149444479934e+000

1.19587939890794e+005,-1.27601229197393e+000,-2.03957547359155e+000

1.21257325320831e+005,-1.27599787090249e+000,-2.06804856741254e+000

1.22950014503040e+005,-1.27598304459160e+000,-2.09691920219342e+000

1.24666332745679e+005,-1.27596780165944e+000,-2.12619293042939e+000

1.26406609898139e+005,-1.27595213040474e+000,-2.15587538225458e+000

1.28171180414339e+005,-1.27593601879792e+000,-2.18597226653088e+000

1.29960383416997e+005,-1.27591945447201e+000,-2.21648937195240e+000

1.31774562762811e+005,-1.27590242471298e+000,-2.24743256816644e+000

1.33614067108538e+005,-1.27588491645013e+000,-2.27880780690948e+000

1.35479249978003e+005,-1.27586691624623e+000,-2.31062112315902e+000

1.37370469830040e+005,-1.27584841028707e+000,-2.34287863630309e+000

1.39288090127379e+005,-1.27582938437096e+000,-2.37558655132524e+000

1.41232479406504e+005,-1.27580982389795e+000,-2.40875116000668e+000

1.43204011348474e+005,-1.27578971385871e+000,-2.44237884214552e+000

1.45203064850745e+005,-1.27576903882299e+000,-2.47647606679335e+000

1.47230024099979e+005,-1.27574778292782e+000,-2.51104939350983e+000

1.49285278645888e+005,-1.27572592986565e+000,-2.54610547363390e+000

1.51369223476094e+005,-1.27570346287148e+000,-2.58165105157509e+000

1.53482259092041e+005,-1.27568036471062e+000,-2.61769296612092e+000

1.55624791585964e+005,-1.27565661766508e+000,-2.65423815176521e+000

1.57797232718936e+005,-1.27563220352034e+000,-2.69129364005346e+000

1.59999999999999e+005,-1.27560710355146e+000,-2.72886656094853e+000

1.62233516766403e+005,-1.27558129850861e+000,-2.76696414421584e+000

1.64498212264969e+005,-1.27555476860274e+000,-2.80559372082728e+000

1.66794521734578e+005,-1.27552749349023e+000,-2.84476272438722e+000

1.69122886489819e+005,-1.27549945225754e+000,-2.88447869257657e+000

1.71483754005805e+005,-1.27547062340531e+000,-2.92474926861931e+000

1.73877578004168e+005,-1.27544098483204e+000,-2.96558220276909e+000

1.76304818540256e+005,-1.27541051381707e+000,-3.00698535381812e+000

1.78765942091554e+005,-1.27537918700362e+000,-3.04896669062624e+000

1.81261421647326e+005,-1.27534698038090e+000,-3.09153429367309e+000

1.83791736799524e+005,-1.27531386926574e+000,-3.13469635663308e+000

1.86357373834951e+005,-1.27527982828414e+000,-3.17846118797079e+000

1.88958825828723e+005,-1.27524483135175e+000,-3.22283721256248e+000

1.91596592739027e+005,-1.27520885165419e+000,-3.26783297333810e+000

1.94271181503206e+005,-1.27517186162682e+000,-3.31345713294832e+000

1.96983106135185e+005,-1.27513383293358e+000,-3.35971847545652e+000

1.99732887824256e+005,-1.27509473644576e+000,-3.40662590805300e+000

2.02521055035243e+005,-1.27505454221981e+000,-3.45418846279606e+000

2.05348143610063e+005,-1.27501321947472e+000,-3.50241529837714e+000

2.08214696870707e+005,-1.27497073656863e+000,-3.55131570191207e+000

2.11121265723661e+005,-1.27492706097509e+000,-3.60089909075744e+000

2.14068408765776e+005,-1.27488215925821e+000,-3.65117501435528e+000

2.17056692391625e+005,-1.27483599704763e+000,-3.70215315610205e+000

2.20086690902357e+005,-1.27478853901231e+000,-3.75384333524702e+000

2.23158986616063e+005,-1.27473974883412e+000,-3.80625550881657e+000

2.26274169979693e+005,-1.27468958918018e+000,-3.85939977356832e+000

2.29432839682530e+005,-1.27463802167490e+000,-3.91328636797206e+000

2.32635602771247e+005,-1.27458500687090e+000,-3.96792567422081e+000

2.35883074766574e+005,-1.27453050421936e+000,-4.02332822027118e+000

2.39175879781588e+005,-1.27447447203953e+000,-4.07950468191277e+000

2.42514650641661e+005,-1.27441686748722e+000,-4.13646588486958e+000

2.45900029006080e+005,-1.27435764652275e+000,-4.19422280693047e+000

2.49332665491357e+005,-1.27429676387762e+000,-4.25278658011245e+000

2.52813219796278e+005,-1.27423417302077e+000,-4.31216849285477e+000

2.56342360828676e+005,-1.27416982612352e+000,-4.37237999224635e+000

2.59920766833993e+005,-1.27410367402362e+000,-4.43343268628555e+000

2.63549125525621e+005,-1.27403566618851e+000,-4.49533834617310e+000

2.67228134217075e+005,-1.27396575067742e+000,-4.55810890864010e+000

2.70958499956006e+005,-1.27389387410250e+000,-4.62175647830961e+000

2.74740939660078e+005,-1.27381998158882e+000,-4.68629333009383e+000

2.78576180254757e+005,-1.27374401673354e+000,-4.75173191162638e+000

2.82464958813007e+005,-1.27366592156355e+000,-4.81808484573212e+000

2.86408022696948e+005,-1.27358563649237e+000,-4.88536493293278e+000

2.90406129701488e+005,-1.27350310027567e+000,-4.95358515399011e+000

2.94460048199957e+005,-1.27341824996576e+000,-5.02275867248818e+000

2.98570557291775e+005,-1.27333102086451e+000,-5.09289883745351e+000

3.02738446952187e+005,-1.27324134647549e+000,-5.16401918601498e+000

3.06964518184081e+005,-1.27314915845445e+000,-5.23613344610408e+000

3.11249583171928e+005,-1.27305438655863e+000,-5.30925553919581e+000

3.15594465437872e+005,-1.27295695859468e+000,-5.38339958309064e+000

3.19999999999997e+005,-1.27285680036528e+000,-5.45857989473978e+000

3.24467033532806e+005,-1.27275383561417e+000,-5.53481099311239e+000

3.28996424529938e+005,-1.27264798596977e+000,-5.61210760210711e+000

3.33589043469155e+005,-1.27253917088749e+000,-5.69048465350777e+000

3.38245772979638e+005,-1.27242730759022e+000,-5.76995728998427e+000

3.42967508011610e+005,-1.27231231100743e+000,-5.85054086814034e+000

3.47755156008335e+005,-1.27219409371270e+000,-5.93225096160672e+000

3.52609637080511e+005,-1.27207256585935e+000,-6.01510336418350e+000

3.57531884183106e+005,-1.27194763511464e+000,-6.09911409303032e+000

3.62522843294651e+005,-1.27181920659222e+000,-6.18429939190558e+000

3.67583473599047e+005,-1.27168718278267e+000,-6.27067573445733e+000

3.72714747669902e+005,-1.27155146348213e+000,-6.35825982756394e+000

3.77917651657445e+005,-1.27141194571952e+000,-6.44706861472802e+000

3.83193185478053e+005,-1.27126852368146e+000,-6.53711927952256e+000

3.88542363006410e+005,-1.27112108863524e+000,-6.62842924909249e+000

3.93966212270369e+005,-1.27096952885007e+000,-6.72101619770980e+000

3.99465775648511e+005,-1.27081372951603e+000,-6.81489805038627e+000

4.05042110070485e+005,-1.27065357266114e+000,-6.91009298654228e+000

4.10696287220124e+005,-1.27048893706606e+000,-7.00661944373502e+000

4.16429393741414e+005,-1.27031969817687e+000,-7.10449612144479e+000

4.22242531447321e+005,-1.27014572801547e+000,-7.20374198492298e+000

4.28136817531551e+005,-1.26996689508763e+000,-7.30437626910150e+000

4.34113384783250e+005,-1.26978306428892e+000,-7.40641848256452e+000

4.40173381804713e+005,-1.26959409680808e+000,-7.50988841158498e+000

4.46317973232124e+005,-1.26939985002799e+000,-7.61480612422636e+000

4.52548339959385e+005,-1.26920017742424e+000,-7.72119197451081e+000

4.58865679365059e+005,-1.26899492846100e+000,-7.82906660665560e+000

4.65271205542494e+005,-1.26878394848450e+000,-7.93845095937847e+000

4.71766149533147e+005,-1.26856707861367e+000,-8.04936627027425e+000

4.78351759563174e+005,-1.26834415562817e+000,-8.16183408026329e+000

4.85029301283321e+005,-1.26811501185368e+000,-8.27587623811342e+000

4.91800058012158e+005,-1.26787947504433e+000,-8.39151490503709e+000

4.98665330982714e+005,-1.26763736826227e+000,-8.50877255936522e+000

5.05626439592555e+005,-1.26738850975427e+000,-8.62767200129943e+000

5.12684721657352e+005,-1.26713271282551e+000,-8.74823635774352e+000

5.19841533667984e+005,-1.26686978571012e+000,-8.87048908721697e+000

5.27098251051240e+005,-1.26659953143866e+000,-8.99445398485155e+000

5.34456268434150e+005,-1.26632174770268e+000,-9.12015518747289e+000

5.41916999912011e+005,-1.26603622671574e+000,-9.24761717876852e+000

5.49481879320155e+005,-1.26574275507139e+000,-9.37686479454512e+000

5.57152360509512e+005,-1.26544111359771e+000,-9.50792322807588e+000

5.64929917626012e+005,-1.26513107720870e+000,-9.64081803554019e+000

5.72816045393895e+005,-1.26481241475181e+000,-9.77557514155860e+000

5.80812259402975e+005,-1.26448488885248e+000,-9.91222084482342e+000

5.88920096399912e+005,-1.26414825575483e+000,-1.00507818238286e+001

5.97141114583549e+005,-1.26380226515885e+000,-1.01912851427003e+001

6.05476893904373e+005,-1.26344666005397e+000,-1.03337582571308e+001

6.13929036368161e+005,-1.26308117654897e+000,-1.04782290204176e+001

6.22499166343855e+005,-1.26270554369804e+000,-1.06247256896101e+001

6.31188930875742e+005,-1.26231948332318e+000,-1.07732769317676e+001

6.39999999999992e+005,-1.26192270983284e+000,-1.09239118303287e+001

6.48934067065610e+005,-1.26151493003636e+000,-1.10766598915969e+001

6.57992849059874e+005,-1.26109584295501e+000,-1.12315510513444e+001

6.67178086938309e+005,-1.26066513962866e+000,-1.13886156815357e+001

6.76491545959274e+005,-1.26022250291865e+000,-1.15478845971761e+001

6.85935016023218e+005,-1.25976760730676e+000,-1.17093890632853e+001

6.95510312016668e+005,-1.25930011868993e+000,-1.18731608020017e+001

7.05219274161021e+005,-1.25881969417117e+000,-1.20392319998182e+001

7.15063768366211e+005,-1.25832598184615e+000,-1.22076353149546e+001

7.25045686589301e+005,-1.25781862058594e+000,-1.23784038848681e+001

7.35166947198092e+005,-1.25729723981564e+000,-1.25515713339064e+001

7.45429495339801e+005,-1.25676145928868e+000,-1.27271717811070e+001

7.55835303314889e+005,-1.25621088885742e+000,-1.29052398481449e+001

7.66386370956104e+005,-1.25564512823935e+000,-1.30858106674335e+001

7.77084726012819e+005,-1.25506376677951e+000,-1.32689198903827e+001

7.87932424540735e+005,-1.25446638320860e+000,-1.34546036958166e+001

7.98931551297020e+005,-1.25385254539747e+000,-1.36428987985559e+001

8.10084220140968e+005,-1.25322181010731e+000,-1.38338424581699e+001

8.21392574440247e+005,-1.25257372273628e+000,-1.40274724878989e+001

8.32858787482825e+005,-1.25190781706204e+000,-1.42238272637565e+001

8.44485062894640e+005,-1.25122361498077e+000,-1.44229457338112e+001

8.56273635063099e+005,-1.25052062624244e+000,-1.46248674276550e+001

8.68226769566497e+005,-1.24979834818251e+000,-1.48296324660627e+001

8.80346763609423e+005,-1.24905626545031e+000,-1.50372815708469e+001

8.92635946464246e+005,-1.24829384973408e+000,-1.52478560749131e+001

9.05096679918768e+005,-1.24751055948278e+000,-1.54613979325213e+001

9.17731358730116e+005,-1.24670583962519e+000,-1.56779497297573e+001

9.30542411084985e+005,-1.24587912128577e+000,-1.58975546952221e+001

9.43532299066291e+005,-1.24502982149860e+000,-1.61202567109415e+001

9.56703519126347e+005,-1.24415734291825e+000,-1.63461003235045e+001

9.70058602566640e+005,-1.24326107352911e+000,-1.65751307554344e+001

9.83600116024313e+005,-1.24234038635257e+000,-1.68073939167999e+001

9.97330661965425e+005,-1.24139463915286e+000,-1.70429364170716e+001

1.01125287918511e+006,-1.24042317414159e+000,-1.72818055772305e+001

1.02536944331470e+006,-1.23942531768148e+000,-1.75240494421353e+001

1.03968306733597e+006,-1.23840037998962e+000,-1.77697167931545e+001

1.05419650210248e+006,-1.23734765484087e+000,-1.80188571610708e+001

1.06891253686830e+006,-1.23626641927137e+000,-1.82715208392645e+001

1.08383399982402e+006,-1.23515593328331e+000,-1.85277588971830e+001

1.09896375864031e+006,-1.23401543955090e+000,-1.87876231941044e+001

1.11430472101902e+006,-1.23284416312863e+000,-1.90511663932017e+001

1.12985983525202e+006,-1.23164131116199e+000,-1.93184419759159e+001

1.14563209078779e+006,-1.23040607260152e+000,-1.95895042566469e+001

1.16162451880595e+006,-1.22913761792121e+000,-1.98644083977673e+001

1.17784019279982e+006,-1.22783509884129e+000,-2.01432104249715e+001

1.19428222916709e+006,-1.22649764805700e+000,-2.04259672429649e+001

1.21095378780874e+006,-1.22512437897387e+000,-2.07127366515038e+001

1.22785807273632e+006,-1.22371438545035e+000,-2.10035773617934e+001

1.24499833268771e+006,-1.22226674154913e+000,-2.12985490132551e+001

1.26237786175148e+006,-1.22078050129804e+000,-2.15977121906691e+001

1.27999999999998e+006,-1.21925469846167e+000,-2.19011284417042e+001

1.29786813413122e+006,-1.21768834632508e+000,-2.22088602948425e+001

1.31598569811974e+006,-1.21608043749104e+000,-2.25209712777092e+001

1.33435617387661e+006,-1.21442994369166e+000,-2.28375259358176e+001

1.35298309191855e+006,-1.21273581561672e+000,-2.31585898517378e+001

1.37187003204643e+006,-1.21099698275978e+000,-2.34842296647000e+001

1.39102062403333e+006,-1.20921235328382e+000,-2.38145130906422e+001

1.41043854832204e+006,-1.20738081390837e+000,-2.41495089427119e+001

1.43012753673242e+006,-1.20550122982028e+000,-2.44892871522326e+001

1.45009137317860e+006,-1.20357244460960e+000,-2.48339187901443e+001

1.47033389439618e+006,-1.20159328023322e+000,-2.51834760889290e+001

1.49085899067960e+006,-1.19956253700859e+000,-2.55380324650308e+001

1.51167060662977e+006,-1.19747899363978e+000,-2.58976625417810e+001

1.53277274191220e+006,-1.19534140727860e+000,-2.62624421728380e+001

1.55416945202563e+006,-1.19314851362341e+000,-2.66324484661516e+001

1.57586484908147e+006,-1.19089902705887e+000,-2.70077598084628e+001

1.59786310259404e+006,-1.18859164083944e+000,-2.73884558903464e+001

1.62016844028193e+006,-1.18622502731991e+000,-2.77746177318081e+001

1.64278514888049e+006,-1.18379783823645e+000,-2.81663277084436e+001

1.66571757496565e+006,-1.18130870504229e+000,-2.85636695781687e+001

1.68897012578928e+006,-1.17875623930094e+000,-2.89667285085291e+001

1.71254727012620e+006,-1.17613903314201e+000,-2.93755911045977e+001

1.73645353913299e+006,-1.17345565978319e+000,-2.97903454374661e+001

1.76069352721884e+006,-1.17070467412349e+000,-3.02110810733371e+001

1.78527189292849e+006,-1.16788461341201e+000,-3.06378891032250e+001

1.81019335983753e+006,-1.16499399799775e+000,-3.10708621732678e+001

1.83546271746023e+006,-1.16203133216511e+000,-3.15100945156558e+001

1.86108482216997e+006,-1.15899510506142e+000,-3.19556819801800e+001

1.88706459813258e+006,-1.15588379172157e+000,-3.24077220664023e+001

1.91340703825269e+006,-1.15269585419636e+000,-3.28663139564477e+001

1.94011720513328e+006,-1.14942974279082e+000,-3.33315585484197e+001

1.96720023204862e+006,-1.14608389741898e+000,-3.38035584904328e+001

1.99466132393085e+006,-1.14265674908272e+000,-3.42824182152639e+001

2.02250575837021e+006,-1.13914672148130e+000,-3.47682439756102e+001

2.05073888662940e+006,-1.13555223276008e+000,-3.52611438799514e+001

2.07936613467193e+006,-1.13187169740553e+000,-3.57612279290019e+001

2.10839300420495e+006,-1.12810352829580e+000,-3.62686080527422e+001

2.13782507373659e+006,-1.12424613891491e+000,-3.67833981480132e+001

2.16766799964803e+006,-1.12029794574005e+000,-3.73057141166544e+001

2.19792751728061e+006,-1.11625737081121e+000,-3.78356739041652e+001

2.22860944203804e+006,-1.11212284449291e+000,-3.83733975388624e+001

2.25971967050404e+006,-1.10789280843840e+000,-3.89190071715047e+001

2.29126418157557e+006,-1.10356571876650e+000,-3.94726271153517e+001

2.32324903761189e+006,-1.09914004946234e+000,-4.00343838866169e+001

2.35568038559964e+006,-1.09461429601268e+000,-4.06044062452737e+001

2.38856445833418e+006,-1.08998697928798e+000,-4.11828252361631e+001

2.42190757561748e+006,-1.08525664968236e+000,-4.17697742303514e+001

2.45571614547263e+006,-1.08042189152414e+000,-4.23653889666742e+001

2.48999666537541e+006,-1.07548132776925e+000,-4.29698075934024e+001

2.52475572350295e+006,-1.07043362498975e+000,-4.35831707099512e+001

2.55999999999995e+006,-1.06527749867096e+000,-4.42056214085542e+001

2.59573626826243e+006,-1.06001171882999e+000,-4.48373053158079e+001

2.63197139623948e+006,-1.05463511596852e+000,-4.54783706339885e+001

2.66871234775322e+006,-1.04914658737366e+000,-4.61289681820320e+001

2.70596618383708e+006,-1.04354510377983e+000,-4.67892514360569e+001

2.74374006409286e+006,-1.03782971640448e+000,-4.74593765692990e+001

2.78204124806666e+006,-1.03199956437171e+000,-4.81395024913193e+001

2.82087709664407e+006,-1.02605388253546e+000,-4.88297908863262e+001

2.86025507346483e+006,-1.01999200971543e+000,-4.95304062504497e+001

2.90018274635719e+006,-1.01381339735753e+000,-5.02415159277834e+001

2.94066778879236e+006,-1.00751761863013e+000,-5.09632901450022e+001

2.98171798135919e+006,-1.00110437796710e+000,-5.16959020443428e+001

3.02334121325954e+006,-9.94573521066677e-001,-5.24395277147231e+001

3.06554548382440e+006,-9.87925045355696e-001,-5.31943462207566e+001

3.10833890405126e+006,-9.81159110925369e-001,-5.39605396294022e+001

3.15172969816293e+006,-9.74276051945532e-001,-5.47382930339705e+001

3.19572620518807e+006,-9.67276388560317e-001,-5.55277945751918e+001

3.24033688056386e+006,-9.60160839267541e-001,-5.63292354590254e+001

3.28557029776097e+006,-9.52930333781274e-001,-5.71428099708798e+001

3.33143514993129e+006,-9.45586026374453e-001,-5.79687154858822e+001

3.37794025157855e+006,-9.38129309694827e-001,-5.88071524748223e+001

3.42509454025238e+006,-9.30561829044864e-001,-5.96583245053730e+001

3.47290707826598e+006,-9.22885497111786e-001,-6.05224382381667e+001

3.52138705443768e+006,-9.15102509129662e-001,-6.13997034172881e+001

3.57054378585697e+006,-9.07215358450669e-001,-6.22903328547236e+001

3.62038671967506e+006,-8.99226852497440e-001,-6.31945424082833e+001

3.67092543492045e+006,-8.91140129062065e-001,-6.41125509524979e+001

3.72216964433992e+006,-8.82958672911266e-001,-6.50445803419703e+001

3.77412919626515e+006,-8.74686332649691e-001,-6.59908553666471e+001

3.82681407650537e+006,-8.66327337785662e-001,-6.69516036984581e+001

3.88023441026655e+006,-8.57886315935209e-001,-6.79270558287630e+001

3.93440046409724e+006,-8.49368310090963e-001,-6.89174449960301e+001

3.98932264786168e+006,-8.40778795872022e-001,-6.99230071031707e+001

4.04501151674041e+006,-8.32123698661564e-001,-7.09439806239455e+001

4.10147777325879e+006,-8.23409410524859e-001,-7.19806064978654e+001

4.15873226934385e+006,-8.14642806791667e-001,-7.30331280130166e+001

4.21678600840989e+006,-8.05831262169720e-001,-7.41017906762532e+001

4.27565014747317e+006,-7.96982666246304e-001,-7.51868420702229e+001

4.33533599929606e+006,-7.88105438216641e-001,-7.62885316967206e+001

4.39585503456121e+006,-7.79208540665623e-001,-7.74071108059062e+001

4.45721888407607e+006,-7.70301492211407e-001,-7.85428322109674e+001

4.51943934100807e+006,-7.61394378803852e-001,-7.96959500878753e+001

4.58252836315113e+006,-7.52497863454216e-001,-8.08667197599489e+001

4.64649807522377e+006,-7.43623194154558e-001,-8.20553974670339e+001

4.71136077119927e+006,-7.34782209728980e-001,-8.32622401192052e+001

4.77712891666836e+006,-7.25987343340547e-001,-8.44875050350158e+001

4.84381515123496e+006,-7.17251623361837e-001,-8.57314496644589e+001

4.91143229094526e+006,-7.08588671300127e-001,-8.69943312969545e+001

4.97999333075080e+006,-7.00012696452531e-001,-8.82764067548554e+001

5.04951144700590e+006,-6.91538486952399e-001,-8.95779320731547e+001

5.11999999999990e+006,-6.83181396855592e-001,-9.08991621662983e+001

5.19147253652485e+006,-6.74957328903966e-001,-9.22403504832397e+001

5.26394279247896e+006,-6.66882712595194e-001,-9.36017486521350e+001

5.33742469550644e+006,-6.58974477183271e-001,-9.49836061163609e+001

5.41193236767416e+006,-6.51250019231040e-001,-9.63861697638370e+001

5.48748012818571e+006,-6.43727164339868e-001,-9.78096835519635e+001

5.56408249613331e+006,-6.36424122686413e-001,-9.92543881308235e+001

5.64175419328813e+006,-6.29359438010864e-001,-1.00720520467667e+002

5.72051014692965e+006,-6.22551929717596e-001,-1.02208313476067e+002

5.80036549271437e+006,-6.16020627774695e-001,-1.03717995653525e+002

5.88133557758470e+006,-6.09784700130703e-001,-1.05249790731702e+002

5.96343596271837e+006,-6.03863372406199e-001,-1.06803917343863e+002

6.04668242651907e+006,-5.98275839667292e-001,-1.08380588714489e+002

6.13109096764879e+006,-5.93041170143180e-001,-1.09980012376447e+002

6.21667780810251e+006,-5.88178200817930e-001,-1.11602389921441e+002

6.30345939632584e+006,-5.83705424901415e-001,-1.13247916789844e+002

6.39145241037612e+006,-5.79640871269527e-001,-1.14916782106331e+002

6.48067376112770e+006,-5.76001976060009e-001,-1.16609168567996e+002

6.57114059552193e+006,-5.72805446712906e-001,-1.18325252391898e+002

6.66287029986256e+006,-5.70067118860339e-001,-1.20065203329112e+002

6.75588050315708e+006,-5.67801806590387e-001,-1.21829184752506e+002

6.85018908050475e+006,-5.66023146740756e-001,-1.23617353825458e+002

6.94581415653194e+006,-5.64743438014400e-001,-1.25429861758659e+002

7.04277410887534e+006,-5.63973475849423e-001,-1.27266854162020e+002

7.14108757171393e+006,-5.63722384122436e-001,-1.29128471498377e+002

7.24077343935009e+006,-5.63997444911414e-001,-1.31014849645348e+002

7.34185086984088e+006,-5.64803927690174e-001,-1.32926120571170e+002

7.44433928867983e+006,-5.66144919473859e-001,-1.34862413129731e+002

7.54825839253028e+006,-5.68021157573791e-001,-1.36823853979246e+002

7.65362815301072e+006,-5.70430866754580e-001,-1.38810568628173e+002

7.76046882053307e+006,-5.73369602711965e-001,-1.40822682610947e+002

7.86880092819446e+006,-5.76830103902142e-001,-1.42860322795005e+002

7.97864529572335e+006,-5.80802153854084e-001,-1.44923618819344e+002

8.09002303348081e+006,-5.85272456179809e-001,-1.47012704663523e+002

8.20295554651756e+006,-5.90224524563774e-001,-1.49127720344611e+002

8.31746453868768e+006,-5.95638590060818e-001,-1.51268813738052e+002

8.43357201681977e+006,-6.01491528057543e-001,-1.53436142516883e+002

8.55130029494632e+006,-6.07756807258492e-001,-1.55629876202099e+002

8.67067199859209e+006,-6.14404463042667e-001,-1.57850198315295e+002

8.79171006912241e+006,-6.21401097496750e-001,-1.60097308623064e+002

8.91443776815212e+006,-6.28709908373781e-001,-1.62371425460863e+002

9.03887868201611e+006,-6.36290749144071e-001,-1.64672788122430e+002

9.16505672630224e+006,-6.44100222205488e-001,-1.67001659299078e+002

9.29299615044753e+006,-6.52091807200610e-001,-1.69358327551505e+002

9.42272154239852e+006,-6.60216026248960e-001,-1.71743109795090e+002

9.55425783333670e+006,-6.68420647747928e-001,-1.74156353777919e+002

9.68763030246989e+006,-6.76650930220921e-001,-1.76598440529117e+002

9.82286458189050e+006,-6.84849907501163e-001,-1.79069786753318e+002

9.95998666150159e+006,-6.92958716327533e-001,1.78429152854633e+002

1.00990228940118e+007,-7.00916967198131e-001,1.75897883402464e+002

1.02399999999998e+007,-7.08663159068542e-001,1.73335867730346e+002

1.03829450730497e+007,-7.16135138195509e-001,1.70742524509434e+002

1.05278855849579e+007,-7.23270601100671e-001,1.68117226542737e+002

1.06748493910128e+007,-7.30007641258949e-001,1.65459299304184e+002

1.08238647353483e+007,-7.36285338685541e-001,1.62768019754088e+002

1.09749602563714e+007,-7.42044391098001e-001,1.60042615471659e+002

1.11281649922666e+007,-7.47227784741470e-001,1.57282264147741e+002

1.12835083865762e+007,-7.51781502276752e-001,1.54486093483508e+002

1.14410202938593e+007,-7.55655264316924e-001,1.51653181543398e+002

1.16007309854287e+007,-7.58803300240804e-001,1.48782557612917e+002

1.17626711551694e+007,-7.61185142791238e-001,1.45873203613985e+002

1.19268719254367e+007,-7.62766439659842e-001,1.42924056132035e+002

1.20933648530381e+007,-7.63519773752201e-001,1.39934009109809e+002

1.22621819352976e+007,-7.63425482105159e-001,1.36901917262397e+002

1.24333556162050e+007,-7.62472461484707e-001,1.33826600266213e+002

1.26069187926517e+007,-7.60658946530755e-001,1.30706847770666e+002

1.27829048207522e+007,-7.57993243957261e-001,1.27541425274988e+002

1.29613475222554e+007,-7.54494403792920e-001,1.24329080903126e+002

1.31422811910438e+007,-7.50192806025164e-001,1.21068553096459e+002

1.33257405997251e+007,-7.45130638369871e-001,1.17758579226465e+002

1.35117610063141e+007,-7.39362238361858e-001,1.14397905106941e+002

1.37003781610095e+007,-7.32954270694023e-001,1.10985295357203e+002

1.38916283130638e+007,-7.25985708939633e-001,1.07519544533708e+002

1.40855482177507e+007,-7.18547589700610e-001,1.03999488907396e+002

1.42821751434278e+007,-7.10742507122256e-001,1.00424018718104e+002

1.44815468787002e+007,-7.02683816905275e-001,9.67920906861649e+001

1.46837017396817e+007,-6.94494521754313e-001,9.31027405061523e+001

1.48886785773596e+007,-6.86305814948935e-001,8.93550949903727e+001

1.50965167850605e+007,-6.78255265689275e-001,8.55483834729832e+001

1.53072563060214e+007,-6.70484639272911e-001,8.16819480327702e+001

1.55209376410661e+007,-6.63137357101328e-001,7.77552520479371e+001

1.57376018563889e+007,-6.56355615942952e-001,7.37678865643946e+001

1.59572905914467e+007,-6.50277202539754e-001,6.97195739451625e+001

1.61800460669616e+007,-6.45032058054545e-001,6.56101682776202e+001

1.64059110930351e+007,-6.40738666276355e-001,6.14396520521048e+001

1.66349290773753e+007,-6.37500358952184e-001,5.72081286932621e+001

1.68671440336395e+007,-6.35401649898863e-001,5.29158106265369e+001

1.71026005898926e+007,-6.34504725331966e-001,4.85630026959970e+001

1.73413439971842e+007,-6.34846229748171e-001,4.41500809135119e+001

1.75834201382448e+007,-6.36434493411771e-001,3.96774667076231e+001

1.78288755363042e+007,-6.39247347949747e-001,3.51455970451037e+001

1.80777573640322e+007,-6.43230670021446e-001,3.05548910089482e+001

1.83301134526044e+007,-6.48297779240064e-001,2.59057136217299e+001

1.85859923008950e+007,-6.54329795731699e-001,2.11983378910409e+001

1.88454430847970e+007,-6.61177035702878e-001,1.64329062130905e+001

1.91085156666734e+007,-6.68661491362735e-001,1.16093923925735e+001

1.93752606049397e+007,-6.76580406042094e-001,6.72756561568962e+000

1.96457291637810e+007,-6.84710918012433e-001,1.78695774625840e+000

1.99199733230031e+007,-6.92815708892123e-001,-3.21316469666976e+000

2.01980457880235e+007,-7.00649555894717e-001,-8.27382257344155e+000

2.04799999999995e+007,-7.07966652337056e-001,-1.33963389512152e+001

2.07658901460993e+007,-7.14528528045621e-001,-1.85823456199524e+001

2.10557711699157e+007,-7.20112370312536e-001,-2.38337803315224e+001

2.13496987820257e+007,-7.24519516159995e-001,-2.91528739568936e+001

2.16477294706965e+007,-7.27583856987789e-001,-3.45421269412370e+001

2.19499205127428e+007,-7.29179866428801e-001,-4.00042746542999e+001

2.22563299845331e+007,-7.29229931200424e-001,-4.55422414976765e+001

2.25670167731524e+007,-7.27710633684809e-001,-5.11590839605603e+001

2.28820405877185e+007,-7.24657606172952e-001,-5.68579232330775e+001

2.32014619708574e+007,-7.20168554348279e-001,-6.26418685123296e+001

2.35253423103387e+007,-7.14404038054668e-001,-6.85139327855907e+001

2.38537438508734e+007,-7.07585609267822e-001,-7.44769436491625e+001

2.41867297060762e+007,-6.99990950770919e-001,-8.05334526000537e+001

2.45243638705951e+007,-6.91945745282854e-001,-8.66856471708865e+001

2.48667112324099e+007,-6.83812143462667e-001,-9.29352711797183e+001

2.52138375853033e+007,-6.75973896347650e-001,-9.92835591108630e+001

2.55658096415044e+007,-6.68818472577277e-001,-1.05731191072641e+002

2.59226950445107e+007,-6.62716782570862e-001,-1.12278274719220e+002

2.62845623820876e+007,-6.58001458046007e-001,-1.18924359813710e+002

2.66514811994501e+007,-6.54944951082178e-001,-1.25668489634713e+002

2.70235220126282e+007,-6.53738978069838e-001,-1.32509291164363e+002

2.74007563220189e+007,-6.54476992534308e-001,-1.39445103040744e+002

2.77832566261276e+007,-6.57141384381508e-001,-1.46474136845722e+002

2.81710964355012e+007,-6.61596943894372e-001,-1.53594663783914e+002

2.85643502868556e+007,-6.67591792147190e-001,-1.60805215612467e+002

2.89630937574003e+007,-6.74766487482577e-001,-1.68104786221002e+002

2.93674034793634e+007,-6.82671416561471e-001,-1.75493018865083e+002

2.97773571547192e+007,-6.90791929826602e-001,1.77029636100024e+002

3.01930335701210e+007,-6.98580048974602e-001,1.69461807059795e+002

3.06145126120428e+007,-7.05491011318303e-001,1.61801142476228e+002

3.10418752821322e+007,-7.11022455720600e-001,1.54044316662758e+002

3.14752037127777e+007,-7.14753707752724e-001,1.46187105391364e+002

3.19145811828933e+007,-7.16382382207864e-001,1.38224532767103e+002

3.23600921339231e+007,-7.15755379977944e-001,1.30151086472125e+002

3.28118221860701e+007,-7.12891317526873e-001,1.21960993676463e+002

3.32698581547506e+007,-7.07991523129808e-001,1.13648544487352e+002

3.37342880672789e+007,-7.01437034112541e-001,1.05208443700434e+002

3.42052011797851e+007,-6.93769635778597e-001,9.66361650366228e+001

3.46826879943682e+007,-6.85656008268865e-001,8.79282756704222e+001

3.51668402764895e+007,-6.77835572359931e-001,7.90826939280225e+001

3.56577510726083e+007,-6.71054637506699e-001,7.00988413268051e+001

3.61555147280643e+007,-6.65991792230389e-001,6.09776536184238e+001

3.66602269052088e+007,-6.63181791175278e-001,5.17214257685094e+001

3.71719846017899e+007,-6.62946980173259e-001,4.23334832750482e+001

3.76908861695939e+007,-6.65346003522345e-001,3.28176954815596e+001

3.82170313333466e+007,-6.70148717561725e-001,2.31778721504080e+001

3.87505212098794e+007,-6.76843749515173e-001,1.34171076535136e+001

3.92914583275618e+007,-6.84681248711280e-001,3.53715269019189e+000

3.98399466460062e+007,-6.92748698670875e-001,-6.46210216166514e+000

4.03960915760469e+007,-7.00072992322530e-001,-1.65829546117943e+001

4.09599999999989e+007,-7.05738047350442e-001,-2.68299726727284e+001

4.15317802921985e+007,-7.09004516401221e-001,-3.72097987650773e+001

4.21115423398314e+007,-7.09416777755139e-001,-4.77306744447239e+001

4.26993975640512e+007,-7.06882338849302e-001,-5.84017164909151e+001

4.32954589413930e+007,-7.01710046271228e-001,-6.92320082732690e+001

4.38998410254854e+007,-6.94596298589414e-001,-8.02296038067832e+001

4.45126599690662e+007,-6.86553280183053e-001,-9.14005733525877e+001

4.51340335463048e+007,-6.78780555447847e-001,-1.02748242795779e+002

4.57640811754369e+007,-6.72491154100547e-001,-1.14272784063754e+002

4.64029239417147e+007,-6.68714402552576e-001,-1.25971288373548e+002

4.70506846206773e+007,-6.68107659801658e-001,-1.37838389758547e+002

4.77074877017467e+007,-6.70814246619552e-001,-1.49867405893735e+002

4.83734594121523e+007,-6.76401966831946e-001,-1.62051845236077e+002

4.90487277411900e+007,-6.83904493887041e-001,-1.74387025397894e+002

4.97334224648198e+007,-6.91968467350981e-001,1.73128509373156e+002

5.04276751706064e+007,-6.99087070746537e-001,1.60492073351610e+002

5.11316192830087e+007,-7.03881611320240e-001,1.47696652002134e+002

5.18453900890213e+007,-7.05380257035907e-001,1.34731542705685e+002

5.25691247641751e+007,-7.03239245811343e-001,1.21583777335716e+002

5.33029623989002e+007,-6.97856523435583e-001,1.08240131001683e+002

5.40470440252563e+007,-6.90340830813517e-001,9.46893820430321e+001

5.48015126440377e+007,-6.82321602913770e-001,8.09243753844077e+001

5.55665132522551e+007,-6.75617251667461e-001,6.69433865302924e+001

5.63421928710024e+007,-6.71818567721700e-001,5.27503356699517e+001

5.71287005737111e+007,-6.71880525213845e-001,3.83536038937253e+001

5.79261875148004e+007,-6.75834153834914e-001,2.37635519550969e+001

5.87348069587267e+007,-6.82715676247120e-001,8.98925143076963e+000

5.95547143094383e+007,-6.90759294515170e-001,-5.96474122958918e+000

6.03860671402418e+007,-6.97826204957045e-001,-2.11006474961379e+001

6.12290252240854e+007,-7.01970494309018e-001,-3.64280396651979e+001

6.20837505642642e+007,-7.01995672218275e-001,-5.19624135044014e+001

6.29504074255552e+007,-6.97845212138990e-001,-6.77219680676741e+001

6.38291623657864e+007,-6.90697446447840e-001,-8.37233071601317e+001

6.47201842678461e+007,-6.82697482559311e-001,-9.99771866315152e+001

6.56236443721400e+007,-6.76354281875635e-001,-1.16485638362765e+002

6.65397163095010e+007,-6.73747719464780e-001,-1.33241648704290e+002

6.74685761345577e+007,-6.75792707553603e-001,-1.50231921782331e+002

6.84104023595701e+007,-6.81838947097324e-001,-1.67442182756024e+002

6.93653759887363e+007,-6.89801729398273e-001,1.75136640518374e+002

7.03336805529788e+007,-6.96833486183325e-001,1.57503613287201e+002

7.13155021452165e+007,-7.00332741937504e-001,1.39646325990013e+002

7.23110294561284e+007,-6.98939448257788e-001,1.21543618194189e+002

7.33204538104174e+007,-6.93138564094509e-001,1.03171868411974e+002

7.43439692035797e+007,-6.85194284420070e-001,8.45128305026377e+001

7.53817723391876e+007,-6.78350063108562e-001,6.55600801538718e+001

7.64340626666931e+007,-6.75521007323523e-001,4.63211203200841e+001

7.75010424197586e+007,-6.77985747923524e-001,2.68135059373129e+001

7.85829166551234e+007,-6.84694227320041e-001,7.05591226108503e+000

7.96798932920122e+007,-6.92608298360675e-001,-1.29421865082708e+001

8.07921831520937e+007,-6.98021837539025e-001,-3.31873201894361e+001

8.19199999999977e+007,-6.98306563512834e-001,-5.37016410023059e+001

8.30635605843968e+007,-6.93269126025320e-001,-7.45148799658478e+001

8.42230846796626e+007,-6.85408033293075e-001,-9.56518158354950e+001

8.53987951281022e+007,-6.78800654278325e-001,-1.17121083494089e+002

8.65909178827858e+007,-6.77017025736322e-001,-1.38911518368956e+002

8.77996820509706e+007,-6.81092241798321e-001,-1.60999265131415e+002

8.90253199381321e+007,-6.88765912579375e-001,1.76636995425731e+002

9.02680670926093e+007,-6.95608727194664e-001,1.54000931190603e+002

9.15281623508736e+007,-6.97542993614051e-001,1.31072817227918e+002

9.28058478834291e+007,-6.93344504055876e-001,1.07817554443985e+002

9.41013692413544e+007,-6.85583546170600e-001,8.42028643534489e+001

9.54149754034931e+007,-6.79228560397045e-001,6.02173713037404e+001

9.67469188243043e+007,-6.78510616447631e-001,3.58766327723919e+001

9.80974554823798e+007,-6.83968457142189e-001,1.12111571863314e+001

9.94668449296393e+007,-6.91836340395173e-001,-1.37574273017169e+001

1.00855350341213e+008,-6.96505537480118e-001,-3.90358296849949e+001

1.02263238566017e+008,-6.94532465953264e-001,-6.46592512359068e+001

1.03690780178042e+008,-6.87343612632103e-001,-9.06703070194282e+001

1.05138249528350e+008,-6.80446459302957e-001,-1.17090465171461e+002

1.06605924797800e+008,-6.79325036516146e-001,-1.43905513569046e+002

1.08094088050512e+008,-6.84938738761545e-001,-1.71078995574238e+002

1.09603025288075e+008,-6.92637036004620e-001,1.61414132189714e+002

1.11133026504510e+008,-6.95845142276440e-001,1.33560864228624e+002

1.12684385742004e+008,-6.91721919260896e-001,1.05314867304214e+002

1.14257401147422e+008,-6.83922092384479e-001,7.66313224468041e+001

1.15852375029601e+008,-6.79630125731262e-001,4.75033823400426e+001

1.17469613917453e+008,-6.82947471768289e-001,1.79659161592682e+001

1.19109428618876e+008,-6.90686078242067e-001,-1.19415350503136e+001

1.20772134280483e+008,-6.95155856213363e-001,-4.22197615904718e+001

1.22458050448171e+008,-6.91781153198666e-001,-7.29170438895555e+001

1.24167501128528e+008,-6.84046046636492e-001,-1.04087417202602e+002

1.25900814851110e+008,-6.80235934013812e-001,-1.35739373714472e+002

1.27658324731572e+008,-6.84574915365634e-001,-1.67830276331872e+002

1.29440368535692e+008,-6.92192034867377e-001,1.59681323137000e+002

1.31247288744280e+008,-6.94293520285045e-001,1.26780393845909e+002

1.33079432619002e+008,-6.88371551196792e-001,9.34029836468077e+001

1.34937152269115e+008,-6.81578687950060e-001,5.95034083297901e+001

1.36820804719140e+008,-6.82375439911829e-001,2.51042292195917e+001

1.38730751977472e+008,-6.89766503388397e-001,-9.73706104653620e+000

1.40667361105957e+008,-6.94109725779293e-001,-4.50102504479567e+001

1.42631004290433e+008,-6.89595971412581e-001,-8.07773079676550e+001

1.44622058912256e+008,-6.82382350649719e-001,-1.17100521985319e+002

1.46640907620835e+008,-6.82593502468437e-001,-1.53964739216057e+002

1.48687938407159e+008,-6.89934723922877e-001,1.68694928238188e+002

1.50763544678375e+008,-6.93606992795254e-001,1.30889367167731e+002

1.52868125333386e+008,-6.88085272414746e-001,9.25457841817757e+001

1.55002084839517e+008,-6.81871559549109e-001,5.36046002970355e+001

1.57165833310246e+008,-6.84778095099080e-001,1.41025617415639e+001

1.59359786584024e+008,-6.92098245089546e-001,-2.58940853676234e+001

1.61584366304187e+008,-6.91737133573618e-001,-6.64104504584864e+001

1.63839999999995e+008,-6.84317138404129e-001,-1.07537518206846e+002

1.66127121168793e+008,-6.82678839823006e-001,-1.49291396648131e+002

1.68446169359325e+008,-6.89705709682790e-001,1.68404729008654e+002

1.70797590256204e+008,-6.92661193036498e-001,1.25570954157364e+002

1.73181835765571e+008,-6.86103178083339e-001,8.21161942956662e+001

1.75599364101941e+008,-6.82458352237455e-001,3.79900791681218e+001

1.78050639876264e+008,-6.88755823117937e-001,-6.73407068890754e+000

1.80536134185218e+008,-6.92507077346516e-001,-5.20159504896586e+001

1.83056324701747e+008,-6.86170198436845e-001,-9.79481261732283e+001

1.85611695766858e+008,-6.82860249398650e-001,-1.44588292014457e+002

1.88202738482708e+008,-6.89519873778214e-001,1.68144948681459e+002

1.90829950806986e+008,-6.91759413392043e-001,1.20282749060121e+002

1.93493837648608e+008,-6.84711449015167e-001,7.17161011403669e+001

1.96194910964759e+008,-6.84237559044090e-001,2.24145871018379e+001

1.98933689859278e+008,-6.91349741539788e-001,-2.75228112794460e+001

2.01710700682425e+008,-6.89391901978367e-001,-7.81166880707154e+001

2.04526477132034e+008,-6.83126841665086e-001,-1.29484484667203e+002

2.07381560356084e+008,-6.87794723862542e-001,1.78417912567578e+002

2.10276499056700e+008,-6.91705408916768e-001,1.25667070457776e+002

2.13211849595600e+008,-6.85027111983484e-001,7.21546826693569e+001

2.16188176101024e+008,-6.85063028054661e-001,1.78351987035921e+001

2.19206050576150e+008,-6.91601553855932e-001,-3.71805285433761e+001

2.22266053009019e+008,-6.87123527563904e-001,-9.29451140958029e+001

2.25368771484008e+008,-6.83976895887592e-001,-1.49563666163170e+002

2.28514802294843e+008,-6.90809171448257e-001,1.53065770105132e+002

2.31704750059200e+008,-6.88231790121792e-001,9.49385201792830e+001

2.34939227834906e+008,-6.83821582362372e-001,3.59237901576982e+001

2.38218857237752e+008,-6.90416355630558e-001,-2.38894476179066e+001

2.41544268560966e+008,-6.88279279029624e-001,-8.44865294920275e+001

2.44916100896340e+008,-6.84060304561812e-001,-1.46005988829542e+002

2.48335002257056e+008,-6.90653629516660e-001,1.51646133374703e+002

2.51801629702220e+008,-6.87353560839835e-001,8.84696913343378e+001

2.55316649463144e+008,-6.84838268736008e-001,2.43334111484602e+001

2.58880737071383e+008,-6.91070935131559e-001,-4.06455965540872e+001

2.62494577488559e+008,-6.85634233168876e-001,-1.06521029351745e+002

2.66158865238003e+008,-6.86755801023647e-001,-1.73380997178045e+002

2.69874304538230e+008,-6.90441076952762e-001,1.18902209200785e+002

2.73641609438279e+008,-6.84236125046864e-001,5.01973993688029e+001

2.77461503954944e+008,-6.89638867867794e-001,-1.94794278243763e+001

2.81334722211914e+008,-6.87541077189495e-001,-9.00688789303974e+001

2.85262008580865e+008,-6.85624238363142e-001,-1.61721660886594e+002

2.89244117824512e+008,-6.90570743153441e-001,1.25688451632429e+002

2.93281815241668e+008,-6.84501181119227e-001,5.20594231115073e+001

2.97375876814318e+008,-6.89750652203981e-001,-2.26152002953198e+001

3.01527089356749e+008,-6.86677581049165e-001,-9.82787586810770e+001

3.05736250666771e+008,-6.87032681347816e-001,-1.75071673509323e+002

3.10004169679033e+008,-6.89224275091753e-001,1.07138717557745e+002

3.14331666620492e+008,-6.85106394391323e-001,2.81999822493592e+001

3.18719573168047e+008,-6.90361571154711e-001,-5.17982016362592e+001

3.23168732608373e+008,-6.84704178856977e-001,-1.32931644858159e+002

3.27679999999989e+008,-6.90200448667947e-001,1.44797929038687e+002

3.32254242337586e+008,-6.85217022651209e-001,6.14028900824386e+001

3.36892338718649e+008,-6.89530881413363e-001,-2.31950297149970e+001

3.41595180512407e+008,-6.85892976668376e-001,-1.08924691398608e+002

3.46363671531142e+008,-6.88952334987453e-001,1.64093051217954e+002

3.51198728203881e+008,-6.86312916410132e-001,7.59561588792376e+001

3.56101279752527e+008,-6.88722184342524e-001,-1.34721964348992e+001

3.61072268370436e+008,-6.86343229052290e-001,-1.04087915032452e+002

3.66112649403493e+008,-6.88885618259147e-001,1.63972003888226e+002

3.71223391533715e+008,-6.86006618636925e-001,7.08047464490885e+001

3.76405476965416e+008,-6.89353049530565e-001,-2.37141397464443e+001

3.81659901613971e+008,-6.85478113772150e-001,-1.19509214734679e+002

3.86987675297216e+008,-6.89831972390387e-001,1.43326359799460e+002

3.92389821929517e+008,-6.85199693135938e-001,4.48228686999787e+001

3.97867379718556e+008,-6.89725404861865e-001,-5.50547912736564e+001

4.03421401364849e+008,-6.85869297979740e-001,-1.56347590741606e+002

4.09052954264066e+008,-6.88392116504057e-001,1.00985326502173e+002

4.14763120712167e+008,-6.87794034406106e-001,-3.16763994813087e+000

4.20552998113398e+008,-6.86216129299498e-001,-1.08719705370893e+002

4.26423699191198e+008,-6.89600568489278e-001,1.44212374167513e+002

4.32376352202047e+008,-6.85528937380822e-001,3.56660678594518e+001

4.38412101152298e+008,-6.88639605735628e-001,-7.43791263570287e+001

4.44532106018038e+008,-6.87980124058621e-001,1.73997673488817e+002

4.50737542968016e+008,-6.85809120358301e-001,6.08623525831766e+001

4.57029604589685e+008,-6.89470464533211e-001,-5.38760714728099e+001

4.63409500118400e+008,-6.86883248724267e-001,-1.70229526730788e+002

4.69878455669810e+008,-6.86386190121718e-001,7.18322381887054e+001

4.76437714475503e+008,-6.89475197978530e-001,-4.77846456464979e+001

4.83088537121932e+008,-6.86838399253726e-001,-1.69074922531004e+002

4.89832201792680e+008,-6.86240148223594e-001,6.79753679506372e+001

4.96670004514110e+008,-6.89252313951472e-001,-5.67155978805763e+001

5.03603259404439e+008,-6.87750208010297e-001,1.76840055300808e+002

5.10633298926288e+008,-6.85758129860167e-001,4.86612475543995e+001

5.17761474142765e+008,-6.88080569017831e-001,-8.13108815864921e+001

5.24989154977117e+008,-6.89156423913486e-001,1.46876943510581e+002

5.32317730476004e+008,-6.86776669802846e-001,1.32352849306402e+001

5.39748609076458e+008,-6.86007069982849e-001,-1.22251223372970e+002

5.47283218876557e+008,-6.88144806489594e-001,1.00361209869539e+002

5.54923007909887e+008,-6.89173702245750e-001,-3.89625216458594e+001

5.62669444423827e+008,-6.87561612071842e-001,1.79773214043727e+002

5.70524017161728e+008,-6.86002568488188e-001,3.65533247448339e+001

5.78488235649024e+008,-6.86582357789053e-001,-1.08662197600999e+002

5.86563630483336e+008,-6.88290734672064e-001,1.04084316388896e+002

5.94751753628634e+008,-6.89099103639923e-001,-4.52345980030262e+001

6.03054178713497e+008,-6.88387543781663e-001,1.63362745347469e+002

6.11472501333541e+008,-6.87040149086019e-001,9.85429528279183e+000

6.20008339358065e+008,-6.86165987618177e-001,-1.45790349374582e+002

6.28663333240983e+008,-6.86196678652698e-001,5.63938096560874e+001

6.37439146336093e+008,-6.86886258254984e-001,-1.03627776159832e+002

6.46337465216745e+008,-6.87752716090837e-001,9.41128550648758e+001

6.55359999999977e+008,-6.88437340638848e-001,-7.04145276692400e+001

6.64508484675170e+008,-6.88811579751920e-001,1.22760121859189e+002

6.73784677437296e+008,-6.88915613983445e-001,-4.63939240821544e+001

6.83190361024813e+008,-6.88857236606780e-001,1.42091511427161e+002

6.92727343062282e+008,-6.88741290113391e-001,-3.18163644341157e+001

7.02397456407760e+008,-6.88640845261636e-001,1.51848937297034e+002

7.12202559505052e+008,-6.88594655777343e-001,-2.69466088393035e+001

7.22144536740870e+008,-6.88613101844351e-001,1.51762568108263e+002

7.32225298806984e+008,-6.88681622669460e-001,-3.20583374879980e+001

7.42446783067428e+008,-6.88758250491935e-001,1.41555444155044e+002

7.52810953930830e+008,-6.88769116327360e-001,-4.74318745461331e+001

7.63319803227940e+008,-6.88614107194657e-001,1.20943136401396e+002

7.73975350594429e+008,-6.88202426257509e-001,-7.33571329685681e+001

7.84779643859033e+008,-6.87533357811116e-001,8.96285964362840e+001

7.95734759437109e+008,-6.86799559228412e-001,-1.10139002567341e+002

8.06842802729695e+008,-6.86409678055740e-001,4.73014694570770e+001

8.18105908528131e+008,-6.86768214623719e-001,-1.58086349901308e+002

8.29526241424333e+008,-6.87792456296076e-001,-6.33701295417089e+000

8.41105996226795e+008,-6.88607428887599e-001,1.42512350458359e+002

8.52847398382395e+008,-6.88196729005753e-001,-7.15836054768278e+001

8.64752704404093e+008,-6.86901741987669e-001,7.13239666153184e+001

8.76824202304595e+008,-6.86616931366998e-001,-1.48807641541219e+002

8.89064212036074e+008,-6.87970615651086e-001,-1.20062755439685e+001

9.01475085936030e+008,-6.88463065592092e-001,1.21691705233867e+002

9.14059209179369e+008,-6.86962101678870e-001,-1.07776381101578e+002

9.26819000236798e+008,-6.86921499797097e-001,1.95393499558908e+001

9.39756911339618e+008,-6.88485705320409e-001,1.43620761174514e+002

9.52875428951004e+008,-6.87361090350241e-001,-9.55861651339201e+001

9.66177074243861e+008,-6.86889351447629e-001,2.18486000691540e+001

9.79664403585357e+008,-6.88489346601929e-001,1.35912600020515e+002

9.93340009028218e+008,-6.86870742500812e-001,-1.13456570013052e+002

1.00000000000000e+009,-6.88416126190489e-001,1.25096917518328e+002

