Freq.,VOut,OutRef

1.00000000000000e+004,-1.96217536420601e+001,-2.27064721788296e-001

1.01395947979003e+004,-1.96217542700794e+001,-2.30234417034576e-001

1.02811382665607e+004,-1.96217549157543e+001,-2.33448359146598e-001

1.04246576084112e+004,-1.96217555795813e+001,-2.36707165769022e-001

1.05701804056138e+004,-1.96217562620706e+001,-2.40011463168530e-001

1.07177346253629e+004,-1.96217569637467e+001,-2.43361886353068e-001

1.08673486252606e+004,-1.96217576851494e+001,-2.46759079192499e-001

1.10190511587661e+004,-1.96217584268327e+001,-2.50203694547351e-001

1.11728713807222e+004,-1.96217591893673e+001,-2.53696394386310e-001

1.13288388529580e+004,-1.96217599733389e+001,-2.57237849922564e-001

1.14869835499703e+004,-1.96217607793506e+001,-2.60828741733696e-001

1.16473358646846e+004,-1.96217616080217e+001,-2.64469759900216e-001

1.18099266142953e+004,-1.96217624599893e+001,-2.68161604133361e-001

1.19747870461893e+004,-1.96217633359082e+001,-2.71904983910539e-001

1.21419488439505e+004,-1.96217642364517e+001,-2.75700618612680e-001

1.23114441334492e+004,-1.96217651623124e+001,-2.79549237659990e-001

1.24833054890161e+004,-1.96217661142017e+001,-2.83451580656050e-001

1.26575659397028e+004,-1.96217670928514e+001,-2.87408397526163e-001

1.28342589756290e+004,-1.96217680990138e+001,-2.91420448663052e-001

1.30134185544193e+004,-1.96217691334623e+001,-2.95488505073000e-001

1.31950791077289e+004,-1.96217701969922e+001,-2.99613348522424e-001

1.33792755478611e+004,-1.96217712904209e+001,-3.03795771691409e-001

1.35660432744767e+004,-1.96217724145889e+001,-3.08036578322471e-001

1.37554181813974e+004,-1.96217735703605e+001,-3.12336583375189e-001

1.39474366635040e+004,-1.96217747586239e+001,-3.16696613186485e-001

1.41421356237309e+004,-1.96217759802927e+001,-3.21117505623461e-001

1.43395524801583e+004,-1.96217772363059e+001,-3.25600110249988e-001

1.45397251732031e+004,-1.96217785276288e+001,-3.30145288487210e-001

1.47426921729110e+004,-1.96217798552544e+001,-3.34753913776552e-001

1.49484924863494e+004,-1.96217812202028e+001,-3.39426871753917e-001

1.51571656651040e+004,-1.96217826235235e+001,-3.44165060412532e-001

1.53687518128801e+004,-1.96217840662950e+001,-3.48969390280723e-001

1.55832915932100e+004,-1.96217855496265e+001,-3.53840784593641e-001

1.58008262372675e+004,-1.96217870746580e+001,-3.58780179473274e-001

1.60213975517924e+004,-1.96217886425619e+001,-3.63788524105223e-001

1.62450479271247e+004,-1.96217902545432e+001,-3.68866780922250e-001

1.64718203453514e+004,-1.96217919118411e+001,-3.74015925791224e-001

1.67017583885674e+004,-1.96217936157293e+001,-3.79236948196732e-001

1.69349062472505e+004,-1.96217953675178e+001,-3.84530851433072e-001

1.71713087287550e+004,-1.96217971685528e+001,-3.89898652797073e-001

1.74110112659224e+004,-1.96217990202188e+001,-3.95341383783139e-001

1.76540599258131e+004,-1.96218009239390e+001,-4.00860090280740e-001

1.79005014185594e+004,-1.96218028811767e+001,-4.06455832775888e-001

1.81503831063432e+004,-1.96218048934362e+001,-4.12129686554861e-001

1.84037530124975e+004,-1.96218069622644e+001,-4.17882741908981e-001

1.86606598307361e+004,-1.96218090892512e+001,-4.23716104346862e-001

1.89211529345119e+004,-1.96218112760315e+001,-4.29630894804537e-001

1.91852823865052e+004,-1.96218135242861e+001,-4.35628249859800e-001

1.94530989482457e+004,-1.96218158357431e+001,-4.41709321953053e-001

1.97246540898671e+004,-1.96218182121790e+001,-4.47875279606647e-001

1.99999999999999e+004,-1.96218206554203e+001,-4.54127307650096e-001

2.02791895958005e+004,-1.96218231673450e+001,-4.60466607445904e-001

2.05622765331213e+004,-1.96218257498836e+001,-4.66894397122575e-001

2.08493152168224e+004,-1.96218284050210e+001,-4.73411911805676e-001

2.11403608112276e+004,-1.96218311347979e+001,-4.80020403857949e-001

2.14354692507258e+004,-1.96218339413124e+001,-4.86721143116702e-001

2.17346972505211e+004,-1.96218368267213e+001,-4.93515417139210e-001

2.20381023175322e+004,-1.96218397932425e+001,-5.00404531449000e-001

2.23457427614443e+004,-1.96218428431556e+001,-5.07389809787872e-001

2.26576777059159e+004,-1.96218459788048e+001,-5.14472594367010e-001

2.29739670999406e+004,-1.96218492026001e+001,-5.21654246126858e-001

2.32946717293690e+004,-1.96218525170187e+001,-5.28936144998839e-001

2.36198532285905e+004,-1.96218559246083e+001,-5.36319690166422e-001

2.39495740923785e+004,-1.96218594279873e+001,-5.43806300338227e-001

2.42838976879009e+004,-1.96218630298483e+001,-5.51397414016868e-001

2.46228882668982e+004,-1.96218667329593e+001,-5.59094489775369e-001

2.49666109780322e+004,-1.96218705401663e+001,-5.66899006537856e-001

2.53151318794055e+004,-1.96218744543948e+001,-5.74812463864202e-001

2.56685179512580e+004,-1.96218784786530e+001,-5.82836382233521e-001

2.60268371088386e+004,-1.96218826160334e+001,-5.90972303341025e-001

2.63901582154578e+004,-1.96218868697155e+001,-5.99221790389756e-001

2.67585510957221e+004,-1.96218912429681e+001,-6.07586428391067e-001

2.71320865489533e+004,-1.96218957391516e+001,-6.16067824471283e-001

2.75108363627948e+004,-1.96219003617213e+001,-6.24667608175280e-001

2.78948733270080e+004,-1.96219051142292e+001,-6.33387431783075e-001

2.82842712474618e+004,-1.96219100003273e+001,-6.42228970623520e-001

2.86791049603164e+004,-1.96219150237700e+001,-6.51193923397576e-001

2.90794503464061e+004,-1.96219201884174e+001,-6.60284012503111e-001

2.94853843458219e+004,-1.96219254982380e+001,-6.69500984363903e-001

2.98969849726987e+004,-1.96219309573118e+001,-6.78846609766010e-001

3.03143313302078e+004,-1.96219365698332e+001,-6.88322684196390e-001

3.07375036257601e+004,-1.96219423401148e+001,-6.97931028187129e-001

3.11665831864199e+004,-1.96219482725900e+001,-7.07673487664283e-001

3.16016524745350e+004,-1.96219543718171e+001,-7.17551934300388e-001

3.20427951035848e+004,-1.96219606424821e+001,-7.27568265875297e-001

3.24900958542493e+004,-1.96219670894029e+001,-7.37724406637019e-001

3.29436406907028e+004,-1.96219737175327e+001,-7.48022307672676e-001

3.34035167771346e+004,-1.96219805319637e+001,-7.58463947279984e-001

3.38698124945009e+004,-1.96219875379311e+001,-7.69051331348769e-001

3.43426174575100e+004,-1.96219947408174e+001,-7.79786493741669e-001

3.48220225318448e+004,-1.96220021461561e+001,-7.90671496686459e-001

3.53081198516260e+004,-1.96220097596361e+001,-8.01708431169398e-001

3.58010028371187e+004,-1.96220175871062e+001,-8.12899417335097e-001

3.63007662126863e+004,-1.96220256345795e+001,-8.24246604893153e-001

3.68075060249948e+004,-1.96220339082377e+001,-8.35752173530441e-001

3.73213196614721e+004,-1.96220424144365e+001,-8.47418333325114e-001

3.78423058690237e+004,-1.96220511597096e+001,-8.59247325172799e-001

3.83705647730104e+004,-1.96220601507747e+001,-8.71241421212706e-001

3.89061978964912e+004,-1.96220693945378e+001,-8.83402925264200e-001

3.94493081797342e+004,-1.96220788980989e+001,-8.95734173265778e-001

3.99999999999998e+004,-1.96220886687573e+001,-9.08237533723175e-001

4.05583791916010e+004,-1.96220987140176e+001,-9.20915408160254e-001

4.11245530662425e+004,-1.96221090415947e+001,-9.33770231580991e-001

4.16986304336447e+004,-1.96221196594202e+001,-9.46804472931568e-001

4.22807216224550e+004,-1.96221305756484e+001,-9.60020635575363e-001

4.28709385014515e+004,-1.96221417986628e+001,-9.73421257767906e-001

4.34693945010421e+004,-1.96221533370819e+001,-9.87008913144682e-001

4.40762046350642e+004,-1.96221651997661e+001,-1.00078621121222e+000

4.46914855228886e+004,-1.96221773958249e+001,-1.01475579784494e+000

4.53153554118317e+004,-1.96221899346231e+001,-1.02892035579154e+000

4.59479341998812e+004,-1.96222028257887e+001,-1.04328260518664e+000

4.65893434587380e+004,-1.96222160792196e+001,-1.05784530407134e+000

4.72397064571810e+004,-1.96222297050917e+001,-1.07261124891725e+000

4.78991481847569e+004,-1.96222437138666e+001,-1.08758327516157e+000

4.85677953758016e+004,-1.96222581162991e+001,-1.10276425774851e+000

4.92457765337964e+004,-1.96222729234462e+001,-1.11815711167538e+000

4.99332219560642e+004,-1.96222881466749e+001,-1.13376479255154e+000

5.06302637588109e+004,-1.96223037976713e+001,-1.14959029715838e+000

5.13370359025159e+004,-1.96223198884492e+001,-1.16563666402357e+000

5.20536742176771e+004,-1.96223364313596e+001,-1.18190697399768e+000

5.27803164309155e+004,-1.96223534391000e+001,-1.19840435084313e+000

5.35171021914442e+004,-1.96223709247240e+001,-1.21513196182755e+000

5.42641730979066e+004,-1.96223889016515e+001,-1.23209301832768e+000

5.50216727255895e+004,-1.96224073836788e+001,-1.24929077643927e+000

5.57897466540159e+004,-1.96224263849888e+001,-1.26672853760051e+000

5.65685424949235e+004,-1.96224459201627e+001,-1.28440964921493e+000

5.73582099206328e+004,-1.96224660041903e+001,-1.30233750529187e+000

5.81589006928121e+004,-1.96224866524818e+001,-1.32051554709101e+000

5.89707686916437e+004,-1.96225078808793e+001,-1.33894726377544e+000

5.97939699453972e+004,-1.96225297056694e+001,-1.35763619307598e+000

6.06286626604156e+004,-1.96225521435951e+001,-1.37658592196220e+000

6.14750072515201e+004,-1.96225752118688e+001,-1.39580008732476e+000

6.23331663728396e+004,-1.96225989281854e+001,-1.41528237666490e+000

6.32033049490698e+004,-1.96226233107355e+001,-1.43503652879489e+000

6.40855902071694e+004,-1.96226483782200e+001,-1.45506633454677e+000

6.49801917084985e+004,-1.96226741498634e+001,-1.47537563749189e+000

6.58872813814055e+004,-1.96227006454293e+001,-1.49596833466856e+000

6.68070335542691e+004,-1.96227278852345e+001,-1.51684837732222e+000

6.77396249890018e+004,-1.96227558901657e+001,-1.53801977165196e+000

6.86852349150199e+004,-1.96227846816939e+001,-1.55948657957093e+000

6.96440450636895e+004,-1.96228142818922e+001,-1.58125291947386e+000

7.06162397032520e+004,-1.96228447134515e+001,-1.60332296701643e+000

7.16020056742374e+004,-1.96228759996983e+001,-1.62570095590609e+000

7.26015324253724e+004,-1.96229081646121e+001,-1.64839117870025e+000

7.36150120499896e+004,-1.96229412328441e+001,-1.67139798761921e+000

7.46426393229441e+004,-1.96229752297352e+001,-1.69472579536710e+000

7.56846117380472e+004,-1.96230101813360e+001,-1.71837907596510e+000

7.67411295460207e+004,-1.96230461144259e+001,-1.74236236559546e+000

7.78123957929823e+004,-1.96230830565339e+001,-1.76668026345670e+000

7.88986163594682e+004,-1.96231210359593e+001,-1.79133743263071e+000

7.99999999999995e+004,-1.96231600817929e+001,-1.81633860096069e+000

8.11167583832018e+004,-1.96232002239396e+001,-1.84168856194145e+000

8.22491061324848e+004,-1.96232414931405e+001,-1.86739217562128e+000

8.33972608672892e+004,-1.96232839209965e+001,-1.89345436951557e+000

8.45614432449099e+004,-1.96233275399919e+001,-1.91988013953300e+000

8.57418770029029e+004,-1.96233723835194e+001,-1.94667455091401e+000

8.69387890020841e+004,-1.96234184859051e+001,-1.97384273918075e+000

8.81524092701283e+004,-1.96234658824343e+001,-2.00138991110108e+000

8.93829710457770e+004,-1.96235146093784e+001,-2.02932134566365e+000

9.06307108236633e+004,-1.96235647040222e+001,-2.05764239506719e+000

9.18958683997622e+004,-1.96236162046920e+001,-2.08635848572232e+000

9.31786869174758e+004,-1.96236691507846e+001,-2.11547511926598e+000

9.44794129143618e+004,-1.96237235827965e+001,-2.14499787359034e+000

9.57982963695136e+004,-1.96237795423555e+001,-2.17493240388288e+000

9.71355907516031e+004,-1.96238370722508e+001,-2.20528444368391e+000

9.84915530675926e+004,-1.96238962164659e+001,-2.23605980595304e+000

9.98664439121282e+004,-1.96239570202117e+001,-2.26726438415404e+000

1.01260527517622e+005,-1.96240195299601e+001,-2.29890415335016e+000

1.02674071805032e+005,-1.96240837934793e+001,-2.33098517131611e+000

1.04107348435354e+005,-1.96241498598691e+001,-2.36351357966364e+000

1.05560632861831e+005,-1.96242177795985e+001,-2.39649560498004e+000

1.07034204382888e+005,-1.96242876045430e+001,-2.42993755998470e+000

1.08528346195813e+005,-1.96243593880234e+001,-2.46384584469690e+000

1.10043345451179e+005,-1.96244331848460e+001,-2.49822694762075e+000

1.11579493308032e+005,-1.96245090513435e+001,-2.53308744694477e+000

1.13137084989847e+005,-1.96245870454171e+001,-2.56843401175608e+000

1.14716419841265e+005,-1.96246672265795e+001,-2.60427340327145e+000

1.16317801385624e+005,-1.96247496559997e+001,-2.64061247608198e+000

1.17941537383287e+005,-1.96248343965484e+001,-2.67745817941496e+000

1.19587939890794e+005,-1.96249215128449e+001,-2.71481755841117e+000

1.21257325320831e+005,-1.96250110713049e+001,-2.75269775541869e+000

1.22950014503040e+005,-1.96251031401904e+001,-2.79110601130137e+000

1.24666332745679e+005,-1.96251977896601e+001,-2.83004966676559e+000

1.26406609898139e+005,-1.96252950918213e+001,-2.86953616370259e+000

1.28171180414339e+005,-1.96253951207839e+001,-2.90957304654672e+000

1.29960383416997e+005,-1.96254979527147e+001,-2.95016796365188e+000

1.31774562762811e+005,-1.96256036658941e+001,-2.99132866868409e+000

1.33614067108538e+005,-1.96257123407741e+001,-3.03306302203093e+000

1.35479249978003e+005,-1.96258240600372e+001,-3.07537899222874e+000

1.37370469830040e+005,-1.96259389086579e+001,-3.11828465740730e+000

1.39288090127379e+005,-1.96260569739650e+001,-3.16178820675106e+000

1.41232479406504e+005,-1.96261783457060e+001,-3.20589794197896e+000

1.43204011348474e+005,-1.96263031161130e+001,-3.25062227884148e+000

1.45203064850745e+005,-1.96264313799705e+001,-3.29596974863634e+000

1.47230024099979e+005,-1.96265632346846e+001,-3.34194899974161e+000

1.49285278645888e+005,-1.96266987803548e+001,-3.38856879916627e+000

1.51369223476094e+005,-1.96268381198468e+001,-3.43583803412073e+000

1.53482259092041e+005,-1.96269813588676e+001,-3.48376571360567e+000

1.55624791585964e+005,-1.96271286060430e+001,-3.53236097001683e+000

1.57797232718936e+005,-1.96272799729962e+001,-3.58163306077224e+000

1.59999999999999e+005,-1.96274355744292e+001,-3.63159136995534e+000

1.62233516766403e+005,-1.96275955282062e+001,-3.68224540997862e+000

1.64498212264969e+005,-1.96277599554385e+001,-3.73360482326528e+000

1.66794521734578e+005,-1.96279289805729e+001,-3.78567938395074e+000

1.69122886489819e+005,-1.96281027314809e+001,-3.83847899960309e+000

1.71483754005805e+005,-1.96282813395512e+001,-3.89201371296265e+000

1.73877578004168e+005,-1.96284649397847e+001,-3.94629370370125e+000

1.76304818540256e+005,-1.96286536708905e+001,-4.00132929020093e+000

1.78765942091554e+005,-1.96288476753866e+001,-4.05713093135200e+000

1.81261421647326e+005,-1.96290470997011e+001,-4.11370922837072e+000

1.83791736799524e+005,-1.96292520942771e+001,-4.17107492663737e+000

1.86357373834951e+005,-1.96294628136801e+001,-4.22923891755354e+000

1.88958825828723e+005,-1.96296794167077e+001,-4.28821224041930e+000

1.91596592739027e+005,-1.96299020665030e+001,-4.34800608432949e+000

1.94271181503206e+005,-1.96301309306696e+001,-4.40863179009201e+000

1.96983106135185e+005,-1.96303661813902e+001,-4.47010085216457e+000

1.99732887824256e+005,-1.96306079955486e+001,-4.53242492061108e+000

2.02521055035243e+005,-1.96308565548536e+001,-4.59561580307943e+000

2.05348143610063e+005,-1.96311120459670e+001,-4.65968546679800e+000

2.08214696870707e+005,-1.96313746606344e+001,-4.72464604059383e+000

2.11121265723661e+005,-1.96316445958188e+001,-4.79050981692874e+000

2.14068408765776e+005,-1.96319220538384e+001,-4.85728925395757e+000

2.17056692391625e+005,-1.96322072425071e+001,-4.92499697760504e+000

2.20086690902357e+005,-1.96325003752783e+001,-4.99364578366324e+000

2.23158986616063e+005,-1.96328016713930e+001,-5.06324863990926e+000

2.26274169979693e+005,-1.96331113560306e+001,-5.13381868824208e+000

2.29432839682530e+005,-1.96334296604639e+001,-5.20536924683992e+000

2.32635602771247e+005,-1.96337568222177e+001,-5.27791381233745e+000

2.35883074766574e+005,-1.96340930852308e+001,-5.35146606202196e+000

2.39175879781588e+005,-1.96344387000229e+001,-5.42603985605077e+000

2.42514650641661e+005,-1.96347939238639e+001,-5.50164923968567e+000

2.45900029006080e+005,-1.96351590209486e+001,-5.57830844554992e+000

2.49332665491357e+005,-1.96355342625751e+001,-5.65603189590220e+000

2.52813219796278e+005,-1.96359199273268e+001,-5.73483420493027e+000

2.56342360828676e+005,-1.96363163012591e+001,-5.81473018106471e+000

2.59920766833993e+005,-1.96367236780908e+001,-5.89573482931024e+000

2.63549125525621e+005,-1.96371423593992e+001,-5.97786335359696e+000

2.67228134217075e+005,-1.96375726548201e+001,-6.06113115914886e+000

2.70958499956006e+005,-1.96380148822520e+001,-6.14555385487225e+000

2.74740939660078e+005,-1.96384693680654e+001,-6.23114725576087e+000

2.78576180254757e+005,-1.96389364473168e+001,-6.31792738531965e+000

2.82464958813007e+005,-1.96394164639668e+001,-6.40591047800673e+000

2.86408022696948e+005,-1.96399097711035e+001,-6.49511298169204e+000

2.90406129701488e+005,-1.96404167311717e+001,-6.58555156013322e+000

2.94460048199957e+005,-1.96409377162053e+001,-6.67724309546911e+000

2.98570557291775e+005,-1.96414731080666e+001,-6.77020469072933e+000

3.02738446952187e+005,-1.96420232986897e+001,-6.86445367236071e+000

3.06964518184081e+005,-1.96425886903293e+001,-6.96000759276943e+000

3.11249583171928e+005,-1.96431696958154e+001,-7.05688423287876e+000

3.15594465437872e+005,-1.96437667388130e+001,-7.15510160470307e+000

3.19999999999997e+005,-1.96443802540871e+001,-7.25467795393584e+000

3.24467033532806e+005,-1.96450106877737e+001,-7.35563176255323e+000

3.28996424529938e+005,-1.96456584976562e+001,-7.45798175143164e+000

3.33589043469155e+005,-1.96463241534478e+001,-7.56174688297903e+000

3.38245772979638e+005,-1.96470081370792e+001,-7.66694636378029e+000

3.42967508011610e+005,-1.96477109429927e+001,-7.77359964725590e+000

3.47755156008335e+005,-1.96484330784422e+001,-7.88172643633184e+000

3.52609637080511e+005,-1.96491750637988e+001,-7.99134668612457e+000

3.57531884183106e+005,-1.96499374328630e+001,-8.10248060663486e+000

3.62522843294651e+005,-1.96507207331828e+001,-8.21514866545556e+000

3.67583473599047e+005,-1.96515255263782e+001,-8.32937159048843e+000

3.72714747669902e+005,-1.96523523884718e+001,-8.44517037267349e+000

3.77917651657445e+005,-1.96532019102264e+001,-8.56256626872583e+000

3.83193185478053e+005,-1.96540746974881e+001,-8.68158080388458e+000

3.88542363006410e+005,-1.96549713715369e+001,-8.80223577466912e+000

3.93966212270369e+005,-1.96558925694435e+001,-8.92455325164486e+000

3.99465775648511e+005,-1.96568389444326e+001,-9.04855558219641e+000

4.05042110070485e+005,-1.96578111662532e+001,-9.17426539330868e+000

4.10696287220124e+005,-1.96588099215561e+001,-9.30170559435502e+000

4.16429393741414e+005,-1.96598359142772e+001,-9.43089937989195e+000

4.22242531447321e+005,-1.96608898660295e+001,-9.56187023245868e+000

4.28136817531551e+005,-1.96619725165001e+001,-9.69464192538438e+000

4.34113384783250e+005,-1.96630846238563e+001,-9.82923852559787e+000

4.40173381804713e+005,-1.96642269651573e+001,-9.96568439644338e+000

4.46317973232124e+005,-1.96654003367746e+001,-1.01040042004992e+001

4.52548339959385e+005,-1.96666055548182e+001,-1.02442229024003e+001

4.58865679365059e+005,-1.96678434555719e+001,-1.03863657716624e+001

4.65271205542494e+005,-1.96691148959349e+001,-1.05304583855099e+001

4.71766149533147e+005,-1.96704207538715e+001,-1.06765266317040e+001

4.78351759563174e+005,-1.96717619288684e+001,-1.08245967113720e+001

4.85029301283321e+005,-1.96731393423999e+001,-1.09746951418379e+001

4.91800058012158e+005,-1.96745539384011e+001,-1.11268487594512e+001

4.98665330982714e+005,-1.96760066837485e+001,-1.12810847224175e+001

5.05626439592555e+005,-1.96774985687493e+001,-1.14374305136242e+001

5.12684721657352e+005,-1.96790306076388e+001,-1.15959139434675e+001

5.19841533667984e+005,-1.96806038390859e+001,-1.17565631526750e+001

5.27098251051240e+005,-1.96822193267073e+001,-1.19194066151248e+001

5.34456268434150e+005,-1.96838781595899e+001,-1.20844731406624e+001

5.41916999912011e+005,-1.96855814528223e+001,-1.22517918779106e+001

5.49481879320155e+005,-1.96873303480350e+001,-1.24213923170757e+001

5.57152360509512e+005,-1.96891260139496e+001,-1.25933042927472e+001

5.64929917626012e+005,-1.96909696469369e+001,-1.27675579866898e+001

5.72816045393895e+005,-1.96928624715851e+001,-1.29441839306290e+001

5.80812259402975e+005,-1.96948057412766e+001,-1.31232130090265e+001

5.88920096399912e+005,-1.96968007387750e+001,-1.33046764618472e+001

5.97141114583549e+005,-1.96988487768222e+001,-1.34886058873149e+001

6.05476893904373e+005,-1.97009511987450e+001,-1.36750332446565e+001

6.13929036368161e+005,-1.97031093790727e+001,-1.38639908568334e+001

6.22499166343855e+005,-1.97053247241649e+001,-1.40555114132590e+001

6.31188930875742e+005,-1.97075986728506e+001,-1.42496279724997e+001

6.39999999999992e+005,-1.97099326970777e+001,-1.44463739649610e+001

6.48934067065610e+005,-1.97123283025745e+001,-1.46457831955523e+001

6.57992849059874e+005,-1.97147870295228e+001,-1.48478898463341e+001

6.67178086938309e+005,-1.97173104532429e+001,-1.50527284791414e+001

6.76491545959274e+005,-1.97199001848910e+001,-1.52603340381835e+001

6.85935016023218e+005,-1.97225578721689e+001,-1.54707418526175e+001

6.95510312016668e+005,-1.97252852000475e+001,-1.56839876390926e+001

7.05219274161021e+005,-1.97280838915028e+001,-1.59001075042633e+001

7.15063768366211e+005,-1.97309557082663e+001,-1.61191379472683e+001

7.25045686589301e+005,-1.97339024515889e+001,-1.63411158621714e+001

7.35166947198092e+005,-1.97369259630201e+001,-1.65660785403623e+001

7.45429495339801e+005,-1.97400281252010e+001,-1.67940636729126e+001

7.55835303314889e+005,-1.97432108626738e+001,-1.70251093528833e+001

7.66386370956104e+005,-1.97464761427062e+001,-1.72592540775797e+001

7.77084726012819e+005,-1.97498259761318e+001,-1.74965367507484e+001

7.87932424540735e+005,-1.97532624182078e+001,-1.77369966847133e+001

7.98931551297020e+005,-1.97567875694890e+001,-1.79806736024418e+001

8.10084220140968e+005,-1.97604035767187e+001,-1.82276076395393e+001

8.21392574440247e+005,-1.97641126337387e+001,-1.84778393461625e+001

8.32858787482825e+005,-1.97679169824153e+001,-1.87314096888474e+001

8.44485062894640e+005,-1.97718189135859e+001,-1.89883600522427e+001

8.56273635063099e+005,-1.97758207680222e+001,-1.92487322407428e+001

8.68226769566497e+005,-1.97799249374139e+001,-1.95125684800113e+001

8.80346763609423e+005,-1.97841338653709e+001,-1.97799114183864e+001

8.92635946464246e+005,-1.97884500484451e+001,-2.00508041281602e+001

9.05096679918768e+005,-1.97928760371717e+001,-2.03252901067199e+001

9.17731358730116e+005,-1.97974144371305e+001,-2.06034132775445e+001

9.30542411084985e+005,-1.98020679100268e+001,-2.08852179910414e+001

9.43532299066291e+005,-1.98068391747916e+001,-2.11707490252167e+001

9.56703519126347e+005,-1.98117310087022e+001,-2.14600515861636e+001

9.70058602566640e+005,-1.98167462485218e+001,-2.17531713083587e+001

9.83600116024313e+005,-1.98218877916582e+001,-2.20501542547517e+001

9.97330661965425e+005,-1.98271585973416e+001,-2.23510469166373e+001

1.01125287918511e+006,-1.98325616878204e+001,-2.26558962132932e+001

1.02536944331470e+006,-1.98381001495748e+001,-2.29647494913714e+001

1.03968306733597e+006,-1.98437771345476e+001,-2.32776545240265e+001

1.05419650210248e+006,-1.98495958613906e+001,-2.35946595097679e+001

1.06891253686830e+006,-1.98555596167265e+001,-2.39158130710178e+001

1.08383399982402e+006,-1.98616717564246e+001,-2.42411642523607e+001

1.09896375864031e+006,-1.98679357068886e+001,-2.45707625184679e+001

1.11430472101902e+006,-1.98743549663566e+001,-2.49046577516789e+001

1.12985983525202e+006,-1.98809331062087e+001,-2.52429002492251e+001

1.14563209078779e+006,-1.98876737722836e+001,-2.55855407200777e+001

1.16162451880595e+006,-1.98945806862003e+001,-2.59326302814027e+001

1.17784019279982e+006,-1.99016576466818e+001,-2.62842204546056e+001

1.19428222916709e+006,-1.99089085308810e+001,-2.66403631609516e+001

1.21095378780874e+006,-1.99163372957031e+001,-2.70011107167394e+001

1.22785807273632e+006,-1.99239479791238e+001,-2.73665158280176e+001

1.24499833268771e+006,-1.99317447014990e+001,-2.77366315848239e+001

1.26237786175148e+006,-1.99397316668626e+001,-2.81115114549315e+001

1.27999999999998e+006,-1.99479131642094e+001,-2.84912092770902e+001

1.29786813413122e+006,-1.99562935687585e+001,-2.88757792537442e+001

1.31598569811974e+006,-1.99648773431932e+001,-2.92652759432147e+001

1.33435617387661e+006,-1.99736690388743e+001,-2.96597542513336e+001

1.35298309191855e+006,-1.99826732970194e+001,-3.00592694225172e+001

1.37187003204643e+006,-1.99918948498465e+001,-3.04638770302670e+001

1.39102062403333e+006,-2.00013385216744e+001,-3.08736329670904e+001

1.41043854832204e+006,-2.00110092299761e+001,-3.12885934338306e+001

1.43012753673242e+006,-2.00209119863786e+001,-3.17088149283997e+001

1.45009137317860e+006,-2.00310518976042e+001,-3.21343542339110e+001

1.47033389439618e+006,-2.00414341663466e+001,-3.25652684062037e+001

1.49085899067960e+006,-2.00520640920757e+001,-3.30016147607610e+001

1.51167060662977e+006,-2.00629470717656e+001,-3.34434508590203e+001

1.53277274191220e+006,-2.00740886005377e+001,-3.38908344940779e+001

1.55416945202563e+006,-2.00854942722129e+001,-3.43438236757925e+001

1.57586484908147e+006,-2.00971697797673e+001,-3.48024766152937e+001

1.59786310259404e+006,-2.01091209156813e+001,-3.52668517089057e+001

1.62016844028193e+006,-2.01213535721778e+001,-3.57370075214964e+001

1.64278514888049e+006,-2.01338737413411e+001,-3.62130027692657e+001

1.66571757496565e+006,-2.01466875151087e+001,-3.66948963019915e+001

1.68897012578928e+006,-2.01598010851290e+001,-3.71827470847514e+001

1.71254727012620e+006,-2.01732207424779e+001,-3.76766141791430e+001

1.73645353913299e+006,-2.01869528772254e+001,-3.81765567240284e+001

1.76069352721884e+006,-2.02010039778466e+001,-3.86826339158309e+001

1.78527189292849e+006,-2.02153806304677e+001,-3.91949049884154e+001

1.81019335983753e+006,-2.02300895179405e+001,-3.97134291925880e+001

1.83546271746023e+006,-2.02451374187384e+001,-4.02382657752505e+001

1.86108482216997e+006,-2.02605312056653e+001,-4.07694739582545e+001

1.88706459813258e+006,-2.02762778443719e+001,-4.13071129169945e+001

1.91340703825269e+006,-2.02923843916712e+001,-4.18512417587927e+001

1.94011720513328e+006,-2.03088579936461e+001,-4.24019195011222e+001

1.96720023204862e+006,-2.03257058835445e+001,-4.29592050497261e+001

1.99466132393085e+006,-2.03429353794528e+001,-4.35231571766872e+001

2.02250575837021e+006,-2.03605538817442e+001,-4.40938344985119e+001

2.05073888662940e+006,-2.03785688702942e+001,-4.46712954542894e+001

2.07936613467193e+006,-2.03969879014595e+001,-4.52555982839972e+001

2.10839300420495e+006,-2.04158186048132e+001,-4.58468010070182e+001

2.13782507373659e+006,-2.04350686796339e+001,-4.64449614009491e+001

2.16766799964803e+006,-2.04547458911435e+001,-4.70501369807713e+001

2.19792751728061e+006,-2.04748580664891e+001,-4.76623849784670e+001

2.22860944203804e+006,-2.04954130904674e+001,-4.82817623231613e+001

2.25971967050404e+006,-2.05164189009882e+001,-4.89083256218759e+001

2.29126418157557e+006,-2.05378834842749e+001,-4.95421311409825e+001

2.32324903761189e+006,-2.05598148698001e+001,-5.01832347884438e+001

2.35568038559964e+006,-2.05822211249566e+001,-5.08316920969371e+001

2.38856445833418e+006,-2.06051103494629e+001,-5.14875582079522e+001

2.42190757561748e+006,-2.06284906695032e+001,-5.21508878569615e+001

2.45571614547263e+006,-2.06523702316049e+001,-5.28217353597589e+001

2.48999666537541e+006,-2.06767571962536e+001,-5.35001546000670e+001

2.52475572350295e+006,-2.07016597312500e+001,-5.41861990185130e+001

2.55999999999995e+006,-2.07270860048119e+001,-5.48799216030738e+001

2.59573626826243e+006,-2.07530441784251e+001,-5.55813748810926e+001

2.63197139623948e+006,-2.07795423994502e+001,-5.62906109129682e+001

2.66871234775322e+006,-2.08065887934891e+001,-5.70076812876197e+001

2.70596618383708e+006,-2.08341914565216e+001,-5.77326371198271e+001

2.74374006409286e+006,-2.08623584468167e+001,-5.84655290495487e+001

2.78204124806666e+006,-2.08910977766302e+001,-5.92064072433157e+001

2.82087709664407e+006,-2.09204174036976e+001,-5.99553213978007e+001

2.86025507346483e+006,-2.09503252225327e+001,-6.07123207456564e+001

2.90018274635719e+006,-2.09808290555447e+001,-6.14774540637196e+001

2.94066778879236e+006,-2.10119366439853e+001,-6.22507696836697e+001

2.98171798135919e+006,-2.10436556387410e+001,-6.30323155052301e+001

3.02334121325954e+006,-2.10759935909837e+001,-6.38221390119974e+001

3.06554548382440e+006,-2.11089579426960e+001,-6.46202872899778e+001

3.10833890405126e+006,-2.11425560170869e+001,-6.54268070489069e+001

3.15172969816293e+006,-2.11767950089159e+001,-6.62417446464222e+001

3.19572620518807e+006,-2.12116819747423e+001,-6.70651461151573e+001

3.24033688056386e+006,-2.12472238231197e+001,-6.78970571928122e+001

3.28557029776097e+006,-2.12834273047540e+001,-6.87375233552581e+001

3.33143514993129e+006,-2.13202990026461e+001,-6.95865898527209e+001

3.37794025157855e+006,-2.13578453222392e+001,-7.04443017490842e+001

3.42509454025238e+006,-2.13960724815922e+001,-7.13107039643437e+001

3.47290707826598e+006,-2.14349865016018e+001,-7.21858413202391e+001

3.52138705443768e+006,-2.14745931962943e+001,-7.30697585890801e+001

3.57054378585697e+006,-2.15148981632101e+001,-7.39625005457742e+001

3.62038671967506e+006,-2.15559067739048e+001,-7.48641120230582e+001

3.67092543492045e+006,-2.15976241645882e+001,-7.57746379699238e+001

3.72216964433992e+006,-2.16400552269253e+001,-7.66941235132201e+001

3.77412919626515e+006,-2.16832045990226e+001,-7.76226140224074e+001

3.82681407650537e+006,-2.17270766566222e+001,-7.85601551774250e+001

3.88023441026655e+006,-2.17716755045268e+001,-7.95067930396305e+001

3.93440046409724e+006,-2.18170049682786e+001,-8.04625741257547e+001

3.98932264786168e+006,-2.18630685861136e+001,-8.14275454848118e+001

4.04501151674041e+006,-2.19098696012135e+001,-8.24017547778881e+001

4.10147777325879e+006,-2.19574109542766e+001,-8.33852503607351e+001

4.15873226934385e+006,-2.20056952764276e+001,-8.43780813690713e+001

4.21678600840989e+006,-2.20547248824873e+001,-8.53802978064985e+001

4.27565014747317e+006,-2.21045017646187e+001,-8.63919506349246e+001

4.33533599929606e+006,-2.21550275863715e+001,-8.74130918673820e+001

4.39585503456121e+006,-2.22063036771376e+001,-8.84437746631157e+001

4.45721888407607e+006,-2.22583310270366e+001,-8.94840534248186e+001

4.51943934100807e+006,-2.23111102822446e+001,-9.05339838978755e+001

4.58252836315113e+006,-2.23646417407808e+001,-9.15936232714777e+001

4.64649807522377e+006,-2.24189253487623e+001,-9.26630302814612e+001

4.71136077119927e+006,-2.24739606971405e+001,-9.37422653147209e+001

4.77712891666836e+006,-2.25297470189260e+001,-9.48313905150420e+001

4.84381515123496e+006,-2.25862831869114e+001,-9.59304698901958e+001

4.91143229094526e+006,-2.26435677118989e+001,-9.70395694201353e+001

4.97999333075080e+006,-2.27015987414354e+001,-9.81587571661315e+001

5.04951144700590e+006,-2.27603740590618e+001,-9.92881033806834e+001

5.11999999999990e+006,-2.28198910840760e+001,-1.00427680618039e+002

5.19147253652485e+006,-2.28801468718101e+001,-1.01577563845163e+002

5.26394279247896e+006,-2.29411381144231e+001,-1.02737830552986e+002

5.33742469550644e+006,-2.30028611422029e+001,-1.03908560867775e+002

5.41193236767416e+006,-2.30653119253772e+001,-1.05089837662466e+002

5.48748012818571e+006,-2.31284860764245e+001,-1.06281746667791e+002

5.56408249613331e+006,-2.31923788528811e+001,-1.07484376583065e+002

5.64175419328813e+006,-2.32569851606340e+001,-1.08697819186467e+002

5.72051014692965e+006,-2.33222995576913e+001,-1.09922169444672e+002

5.80036549271437e+006,-2.33883162584192e+001,-1.11157525621704e+002

5.88133557758470e+006,-2.34550291382330e+001,-1.12403989386858e+002

5.96343596271837e+006,-2.35224317387305e+001,-1.13661665921583e+002

6.04668242651907e+006,-2.35905172732534e+001,-1.14930664025188e+002

6.13109096764879e+006,-2.36592786328617e+001,-1.16211096219259e+002

6.21667780810251e+006,-2.37287083927056e+001,-1.17503078850681e+002

6.30345939632584e+006,-2.37987988187793e+001,-1.18806732193169e+002

6.39145241037612e+006,-2.38695418750395e+001,-1.20122180547200e+002

6.48067376112770e+006,-2.39409292308702e+001,-1.21449552338271e+002

6.57114059552193e+006,-2.40129522688781e+001,-1.22788980213398e+002

6.66287029986256e+006,-2.40856020929988e+001,-1.24140601135796e+002

6.75588050315708e+006,-2.41588695368951e+001,-1.25504556477652e+002

6.85018908050475e+006,-2.42327451726308e+001,-1.26880992110963e+002

6.94581415653194e+006,-2.43072193195994e+001,-1.28270058496369e+002

7.04277410887534e+006,-2.43822820536895e+001,-1.29671910769944e+002

7.14108757171393e+006,-2.44579232166698e+001,-1.31086708827916e+002

7.24077343935009e+006,-2.45341324257725e+001,-1.32514617409272e+002

7.34185086984088e+006,-2.46108990834592e+001,-1.33955806176240e+002

7.44433928867983e+006,-2.46882123873510e+001,-1.35410449792614e+002

7.54825839253028e+006,-2.47660613403039e+001,-1.36878727999923e+002

7.65362815301072e+006,-2.48444347606131e+001,-1.38360825691421e+002

7.76046882053307e+006,-2.49233212923295e+001,-1.39856932983911e+002

7.86880092819446e+006,-2.50027094156716e+001,-1.41367245287378e+002

7.97864529572335e+006,-2.50825874575161e+001,-1.42891963372458e+002

8.09002303348081e+006,-2.51629436019523e+001,-1.44431293435732e+002

8.20295554651756e+006,-2.52437659008844e+001,-1.45985447162847e+002

8.31746453868768e+006,-2.53250422846681e+001,-1.47554641789492e+002

8.43357201681977e+006,-2.54067605727647e+001,-1.49139100160216e+002

8.55130029494632e+006,-2.54889084844000e+001,-1.50739050785107e+002

8.67067199859209e+006,-2.55714736492149e+001,-1.52354727894339e+002

8.79171006912241e+006,-2.56544436178909e+001,-1.53986371490598e+002

8.91443776815212e+006,-2.57378058727406e+001,-1.55634227399382e+002

9.03887868201611e+006,-2.58215478382466e+001,-1.57298547317197e+002

9.16505672630224e+006,-2.59056568915369e+001,-1.58979588857639e+002

9.29299615044753e+006,-2.59901203727825e+001,-1.60677615595370e+002

9.42272154239852e+006,-2.60749255955026e+001,-1.62392897107982e+002

9.55425783333670e+006,-2.61600598567643e+001,-1.64125709015752e+002

9.68763030246989e+006,-2.62455104472605e+001,-1.65876333019273e+002

9.82286458189050e+006,-2.63312646612504e+001,-1.67645056934964e+002

9.95998666150159e+006,-2.64173098063474e+001,-1.69432174728436e+002

1.00990228940118e+007,-2.65036332131356e+001,-1.71237986545705e+002

1.02399999999998e+007,-2.65902222445959e+001,-1.73062798742246e+002

1.03829450730497e+007,-2.66770643053236e+001,-1.74906923909859e+002

1.05278855849579e+007,-2.67641468505142e+001,-1.76770680901341e+002

1.06748493910128e+007,-2.68514573946950e+001,-1.78654394852938e+002

1.08238647353483e+007,-2.69389835201765e+001,1.79441602795420e+002

1.09749602563714e+007,-2.70267128851989e+001,1.77516974282130e+002

1.11281649922666e+007,-2.71146332317416e+001,1.75571375508173e+002

1.12835083865762e+007,-2.72027323929654e+001,1.73604456023609e+002

1.14410202938593e+007,-2.72909983002538e+001,1.71615859016324e+002

1.16007309854287e+007,-2.73794189898155e+001,1.69605221302992e+002

1.17626711551694e+007,-2.74679826088092e+001,1.67572173322233e+002

1.19268719254367e+007,-2.75566774209485e+001,1.65516339129922e+002

1.20933648530381e+007,-2.76454918115414e+001,1.63437336396596e+002

1.22621819352976e+007,-2.77344142919159e+001,1.61334776406858e+002

1.24333556162050e+007,-2.78234335031820e+001,1.59208264060693e+002

1.26069187926517e+007,-2.79125382192744e+001,1.57057397876551e+002

1.27829048207522e+007,-2.80017173492212e+001,1.54881769996036e+002

1.29613475222554e+007,-2.80909599385787e+001,1.52680966190003e+002

1.31422811910438e+007,-2.81802551699705e+001,1.50454565865817e+002

1.33257405997251e+007,-2.82695923626693e+001,1.48202142075502e+002

1.35117610063141e+007,-2.83589609711559e+001,1.45923261524434e+002

1.37003781610095e+007,-2.84483505825890e+001,1.43617484580203e+002

1.38916283130638e+007,-2.85377509131233e+001,1.41284365281202e+002

1.40855482177507e+007,-2.86271518030060e+001,1.38923451344429e+002

1.42821751434278e+007,-2.87165432103920e+001,1.36534284171941e+002

1.44815468787002e+007,-2.88059152038144e+001,1.34116398855309e+002

1.46837017396817e+007,-2.88952579532521e+001,1.31669324177369e+002

1.48886785773596e+007,-2.89845617197436e+001,1.29192582610453e+002

1.50965167850605e+007,-2.90738168434977e+001,1.26685690310255e+002

1.53072563060214e+007,-2.91630137304649e+001,1.24148157104346e+002

1.55209376410661e+007,-2.92521428373398e+001,1.21579486474312e+002

1.57376018563889e+007,-2.93411946549777e+001,1.18979175530385e+002

1.59572905914467e+007,-2.94301596902222e+001,1.16346714977364e+002

1.61800460669616e+007,-2.95190284461574e+001,1.13681589070533e+002

1.64059110930351e+007,-2.96077914008155e+001,1.10983275560231e+002

1.66349290773753e+007,-2.96964389843931e+001,1.08251245623629e+002

1.68671440336395e+007,-2.97849615550518e+001,1.05484963782253e+002

1.71026005898926e+007,-2.98733493734051e+001,1.02683887803702e+002

1.73413439971842e+007,-2.99615925758225e+001,9.98474685860239e+001

1.75834201382448e+007,-3.00496811467129e+001,9.69751500231649e+001

1.78288755363042e+007,-3.01376048899831e+001,9.40663688499343e+001

1.80777573640322e+007,-3.02253533999022e+001,9.11205544649554e+001

1.83301134526044e+007,-3.03129160316426e+001,8.81371287301361e+001

1.85859923008950e+007,-3.04002818718054e+001,8.51155057452855e+001

1.88454430847970e+007,-3.04874397092810e+001,8.20550915966329e+001

1.91085156666734e+007,-3.05743780068349e+001,7.89552840781744e+001

1.93752606049397e+007,-3.06610848738530e+001,7.58154723849855e+001

1.96457291637810e+007,-3.07475480407176e+001,7.26350367778987e+001

1.99199733230031e+007,-3.08337548353283e+001,6.94133482192489e+001

2.01980457880235e+007,-3.09196921623138e+001,6.61497679797565e+001

2.04799999999995e+007,-3.10053464855168e+001,6.28436472170266e+001

2.07658901460993e+007,-3.10907038143580e+001,5.94943265266171e+001

2.10557711699157e+007,-3.11757496947060e+001,5.61011354671490e+001

2.13496987820257e+007,-3.12604692048928e+001,5.26633920615106e+001

2.16477294706965e+007,-3.13448469575136e+001,4.91804022768339e+001

2.19499205127428e+007,-3.14288671076423e+001,4.56514594865967e+001

2.22563299845331e+007,-3.15125133680666e+001,4.20758439189125e+001

2.25670167731524e+007,-3.15957690321096e+001,3.84528220958144e+001

2.28820405877185e+007,-3.16786170045465e+001,3.47816462690992e+001

2.32014619708574e+007,-3.17610398410478e+001,3.10615538590630e+001

2.35253423103387e+007,-3.18430197964839e+001,2.72917669032099e+001

2.38537438508734e+007,-3.19245388823059e+001,2.34714915227371e+001

2.41867297060762e+007,-3.20055789330732e+001,1.95999174152604e+001

2.45243638705951e+007,-3.20861216820309e+001,1.56762173828236e+001

2.48667112324099e+007,-3.21661488454491e+001,1.16995469047002e+001

2.52138375853033e+007,-3.22456422152162e+001,7.66904376481786e+000

2.55658096415044e+007,-3.23245837589436e+001,3.58382774376621e+000

2.59226950445107e+007,-3.24029557265750e+001,-5.56999614732466e-001

2.62845623820876e+007,-3.24807407622190e+001,-4.75435515335647e+000

2.66514811994501e+007,-3.25579220196326e+001,-9.00917415784346e+000

2.70235220126282e+007,-3.26344832794865e+001,-1.33224103128767e+001

2.74007563220189e+007,-3.27104090662492e+001,-1.76950355506775e+001

2.77832566261276e+007,-3.27856847622391e+001,-2.21280397875583e+001

2.81710964355012e+007,-3.28602967161353e+001,-2.66224305459063e+001

2.85643502868556e+007,-3.29342323430055e+001,-3.11792324617323e+001

2.89630937574003e+007,-3.30074802127336e+001,-3.57994866810408e+001

2.93674034793634e+007,-3.30800301236188e+001,-4.04842501518243e+001

2.97773571547192e+007,-3.31518731578862e+001,-4.52345948224377e+001

3.01930335701210e+007,-3.32230017159285e+001,-5.00516067613839e+001

3.06145126120428e+007,-3.32934095262905e+001,-5.49363852180622e+001

3.10418752821322e+007,-3.33630916287414e+001,-5.98900416486522e+001

3.14752037127777e+007,-3.34320443282726e+001,-6.49136987358803e+001

3.19145811828933e+007,-3.35002651185050e+001,-7.00084894357154e+001

3.23600921339231e+007,-3.35677525738250e+001,-7.51755560878696e+001

3.28118221860701e+007,-3.36345062105607e+001,-8.04160496300071e+001

3.32698581547506e+007,-3.37005263186796e+001,-8.57311289575418e+001

3.37342880672789e+007,-3.37658137667940e+001,-9.11219604714980e+001

3.42052011797851e+007,-3.38303697846843e+001,-9.65897178557734e+001

3.46826879943682e+007,-3.38941957290378e+001,-1.02135582122026e+002

3.51668402764895e+007,-3.39572928395968e+001,-1.07760741954992e+002

3.56577510726083e+007,-3.40196619943359e+001,-1.13466394383192e+002

3.61555147280643e+007,-3.40813034735591e+001,-1.19253745789506e+002

3.66602269052088e+007,-3.41422167438181e+001,-1.25124013263155e+002

3.71719846017899e+007,-3.42024002732000e+001,-1.31078426279259e+002

3.76908861695939e+007,-3.42618513896999e+001,-1.37118228674846e+002

3.82170313333466e+007,-3.43205661939808e+001,-1.43244680871456e+002

3.87505212098794e+007,-3.43785395367268e+001,-1.49459062275185e+002

3.92914583275618e+007,-3.44357650689542e+001,-1.55762673766127e+002

3.98399466460062e+007,-3.44922353710040e+001,-1.62156840171947e+002

4.03960915760469e+007,-3.45479421625179e+001,-1.68642912606133e+002

4.09599999999989e+007,-3.46028765915367e+001,-1.75222270541881e+002

4.15317802921985e+007,-3.46570295960882e+001,1.78103676510980e+002

4.21115423398314e+007,-3.47103923264258e+001,1.71333487854551e+002

4.26993975640512e+007,-3.47629566107112e+001,1.64465691092543e+002

4.32954589413930e+007,-3.48147154417324e+001,1.57498782354070e+002

4.38998410254854e+007,-3.48656634576051e+001,1.50431227311647e+002

4.45126599690662e+007,-3.49157973857889e+001,1.43261463010658e+002

4.51340335463048e+007,-3.49651164176226e+001,1.35987900475832e+002

4.57640811754369e+007,-3.50136224804318e+001,1.28608928001598e+002

4.64029239417147e+007,-3.50613203765244e+001,1.21122914970832e+002

4.70506846206773e+007,-3.51082177633969e+001,1.13528215984511e+002

4.77074877017467e+007,-3.51543249574141e+001,1.05823175028405e+002

4.83734594121523e+007,-3.51996545540622e+001,9.80061293582750e+001

4.90487277411900e+007,-3.52442208712926e+001,9.00754127584699e+001

4.97334224648198e+007,-3.52880392378342e+001,8.20293578267925e+001

5.04276751706064e+007,-3.53311251646375e+001,7.38662969666785e+001

5.11316192830087e+007,-3.53734934534896e+001,6.55845618299643e+001

5.18453900890213e+007,-3.54151573106275e+001,5.71824810512561e+001

5.25691247641751e+007,-3.54561275430348e+001,4.86583762459987e+001

5.33029623989002e+007,-3.54964119191525e+001,4.00105564024252e+001

5.40470440252563e+007,-3.55360147722704e+001,3.12373109716627e+001

5.48015126440377e+007,-3.55749369126595e+001,2.23369021348046e+001

5.55665132522551e+007,-3.56131758930419e+001,1.33075568814034e+001

5.63421928710024e+007,-3.56507266417662e+001,4.14745964873106e+000

5.71287005737111e+007,-3.56875824407092e+001,-5.14525367663542e+000

5.79261875148004e+007,-3.57237361834265e+001,-1.45724996233372e+001

5.87348069587267e+007,-3.57591818075788e+001,-2.41362482201843e+001

5.95547143094383e+007,-3.57939157593397e+001,-3.38385208822308e+001

6.03860671402418e+007,-3.58279383220677e+001,-4.36813849981229e+001

6.12290252240854e+007,-3.58612546326480e+001,-5.36669455095865e+001

6.20837505642642e+007,-3.58938752213312e+001,-6.37973341989586e+001

6.29504074255552e+007,-3.59258159475504e+001,-7.40746978090360e+001

6.38291623657864e+007,-3.59570972652075e+001,-8.45011864496918e+001

6.47201842678461e+007,-3.59877428327765e+001,-9.50789439322683e+001

6.56236443721400e+007,-3.60177775786164e+001,-1.05810101655653e+002

6.65397163095010e+007,-3.60472254283390e+001,-1.16696777404329e+002

6.74685761345577e+007,-3.60761069838436e+001,-1.27741079895531e+002

6.84104023595701e+007,-3.61044374960766e+001,-1.38945119157891e+002

6.93653759887363e+007,-3.61322254800657e+001,-1.50311021913936e+002

7.03336805529788e+007,-3.61594722700851e+001,-1.61840950196862e+002

7.13155021452165e+007,-3.61861727014039e+001,-1.73537120619118e+002

7.23110294561284e+007,-3.62123169400925e+001,1.74598178797626e+002

7.33204538104174e+007,-3.62378932830102e+001,1.62562577364013e+002

7.43439692035797e+007,-3.62628915470059e+001,1.50353618637961e+002

7.53817723391876e+007,-3.62873064983186e+001,1.37968766991295e+002

7.64340626666931e+007,-3.63111406812149e+001,1.25405423686978e+002

7.75010424197586e+007,-3.63344060242296e+001,1.12660950434962e+002

7.85829166551234e+007,-3.63571237531277e+001,9.97326965697334e+001

7.96798932920122e+007,-3.63793224181713e+001,8.66180246414475e+001

8.07921831520937e+007,-3.64010342159626e+001,7.33143287395606e+001

8.19199999999977e+007,-3.64222901888339e+001,5.98190405768707e+001

8.30635605843968e+007,-3.64431152293713e+001,4.61296203500352e+001

8.42230846796626e+007,-3.64635240075848e+001,3.22435324637968e+001

8.53987951281022e+007,-3.64835188916320e+001,1.81582098348255e+001

8.65909178827858e+007,-3.65030906095056e+001,3.87101386988559e+000

8.77996820509706e+007,-3.65222218231641e+001,-1.06208006017237e+001

8.90253199381321e+007,-3.65408930586286e+001,-2.53201060179289e+001

9.02680670926093e+007,-3.65590897235969e+001,-4.02299013498892e+001

9.15281623508736e+007,-3.65768084524753e+001,-5.53532876674749e+001

9.28058478834291e+007,-3.65940609367472e+001,-7.06934240243920e+001

9.41013692413544e+007,-3.66108738390223e+001,-8.62534739735062e+001

9.54149754034931e+007,-3.66272843318142e+001,-1.02036557393192e+002

9.67469188243043e+007,-3.66433320627300e+001,-1.18045722967762e+002

9.80974554823798e+007,-3.66590495909463e+001,-1.34283952585319e+002

9.94668449296393e+007,-3.66744541495477e+001,-1.50754200394068e+002

1.00855350341213e+008,-3.66895435919953e+001,-1.67459458216360e+002

1.02263238566017e+008,-3.67042983996280e+001,1.75597171221923e+002

1.03690780178042e+008,-3.67186897990288e+001,1.58412417366362e+002

1.05138249528350e+008,-3.67326918550605e+001,1.40982823178684e+002

1.06605924797800e+008,-3.67462936162821e+001,1.23304775985740e+002

1.08094088050512e+008,-3.67595067705423e+001,1.05374582078371e+002

1.09603025288075e+008,-3.67723653156535e+001,8.71885614498123e+001

1.11133026504510e+008,-3.67849163966581e+001,6.87431274123507e+001

1.12684385742004e+008,-3.67972049493699e+001,5.00348166017708e+001

1.14257401147422e+008,-3.68092578042794e+001,3.10602504606402e+001

1.15852375029601e+008,-3.68210740073811e+001,1.18160360403486e+001

1.17469613917453e+008,-3.68326263844252e+001,-7.70135785557950e+000

1.19109428618876e+008,-3.68438750064783e+001,-2.74956964172450e+001

1.20772134280483e+008,-3.68547877356144e+001,-4.75709988705734e+001

1.22458050448171e+008,-3.68653588946232e+001,-6.79314644490439e+001

1.24167501128528e+008,-3.68756166777606e+001,-8.85813296031122e+001

1.25900814851110e+008,-3.68856142076618e+001,-1.09524720445957e+002

1.27658324731572e+008,-3.68954068868070e+001,-1.30765576620683e+002

1.29440368535692e+008,-3.69050264265602e+001,-1.52307696129028e+002

1.31247288744280e+008,-3.69144653371879e+001,-1.74154891682036e+002

1.33079432619002e+008,-3.69236818374919e+001,1.63688815255107e+002

1.34937152269115e+008,-3.69326248028188e+001,1.41219069485989e+002

1.36820804719140e+008,-3.69412663947940e+001,1.18431207804778e+002

1.38730751977472e+008,-3.69496234879669e+001,9.53204372407218e+001

1.40667361105957e+008,-3.69577532128828e+001,7.18820724055108e+001

1.42631004290433e+008,-3.69657223865817e+001,4.81116866028264e+001

1.44622058912256e+008,-3.69735678060458e+001,2.40050666063260e+001

1.46640907620835e+008,-3.69812731041341e+001,-4.42022282555690e-001

1.48687938407159e+008,-3.69887801515470e+001,-2.52341212433086e+001

1.50763544678375e+008,-3.69960309627617e+001,-5.03762169983769e+001

1.52868125333386e+008,-3.70030131183047e+001,-7.58736171178119e+001

1.55002084839517e+008,-3.70097751278467e+001,-1.01731624781423e+002

1.57165833310246e+008,-3.70163964327951e+001,-1.27955240091052e+002

1.59359786584024e+008,-3.70229304091018e+001,-1.54549127204216e+002

1.61584366304187e+008,-3.70293633453964e+001,1.78482094449707e+002

1.63839999999995e+008,-3.70356253014081e+001,1.51133438341759e+002

1.66127121168793e+008,-3.70416495645189e+001,1.23399354438839e+002

1.68446169359325e+008,-3.70474343244178e+001,9.52739435500581e+001

1.70797590256204e+008,-3.70530515590466e+001,6.67514362685331e+001

1.73181835765571e+008,-3.70585889605106e+001,3.78265254348744e+001

1.75599364101941e+008,-3.70640720655624e+001,8.49422099759010e+000

1.78050639876264e+008,-3.70694396818640e+001,-2.12506873362849e+001

1.80536134185218e+008,-3.70746029761619e+001,-5.14140716880010e+001

1.83056324701747e+008,-3.70795374569009e+001,-8.20023530908365e+001

1.85611695766858e+008,-3.70843155836564e+001,-1.13021891431674e+002

1.88202738482708e+008,-3.70890385720448e+001,-1.44478476725287e+002

1.90829950806986e+008,-3.70937310461631e+001,-1.76377491869811e+002

1.93493837648608e+008,-3.70983128821364e+001,1.51275361117240e+002

1.96194910964759e+008,-3.71026890914658e+001,1.18473545445200e+002

1.98933689859278e+008,-3.71068643723463e+001,8.52100146912707e+001

2.01710700682425e+008,-3.71109463830050e+001,5.14780742003019e+001

2.04526477132034e+008,-3.71150217826822e+001,1.72717665258115e+001

2.07381560356084e+008,-3.71190490152178e+001,-1.74147610356596e+001

2.10276499056700e+008,-3.71229091906130e+001,-5.25881925094103e+001

2.13211849595600e+008,-3.71265637566557e+001,-8.82560680451119e+001

2.16188176101024e+008,-3.71301146969909e+001,-1.24425770747457e+002

2.19206050576150e+008,-3.71336729989355e+001,-1.61103787567381e+002

2.22266053009019e+008,-3.71372041890769e+001,1.61703666884920e+002

2.25368771484008e+008,-3.71405752212064e+001,1.23989438358662e+002

2.28514802294843e+008,-3.71437525449774e+001,8.57453919548237e+001

2.31704750059200e+008,-3.71468619103271e+001,4.69637196358133e+001

2.34939227834906e+008,-3.71500021492815e+001,7.63766978895769e+000

2.38218857237752e+008,-3.71530887624608e+001,-3.22395350234337e+001

2.41544268560966e+008,-3.71559879866414e+001,-7.26759863512131e+001

2.44916100896340e+008,-3.71587430983999e+001,-1.13680434151227e+002

2.48335002257056e+008,-3.71615113705037e+001,-1.55260636554359e+002

2.51801629702220e+008,-3.71642958007164e+001,1.62576464136970e+002

2.55316649463144e+008,-3.71669366448378e+001,1.19822884962444e+002

2.58880737071383e+008,-3.71694021024721e+001,7.64693339065541e+001

2.62494577488559e+008,-3.71718568966431e+001,3.25071758385693e+001

2.66158865238003e+008,-3.71743568123827e+001,-1.20709613408688e+001

2.69874304538230e+008,-3.71767382037884e+001,-5.72732568467550e+001

2.73641609438279e+008,-3.71789417154014e+001,-1.03109510308805e+002

2.77461503954944e+008,-3.71811413487200e+001,-1.49588922504644e+002

2.81334722211914e+008,-3.71833915408855e+001,1.63280744709969e+002

2.85262008580865e+008,-3.71855097249412e+001,1.15490710612089e+002

2.89244117824512e+008,-3.71874705076416e+001,6.70305333609918e+001

2.93281815241668e+008,-3.71894706646471e+001,1.78908582662136e+001

2.97375876814318e+008,-3.71914912391530e+001,-3.19364550761318e+001

3.01527089356749e+008,-3.71933380052521e+001,-8.24613249950627e+001

3.05736250666771e+008,-3.71950995210015e+001,-1.33694689190427e+002

3.10004169679033e+008,-3.71969436808882e+001,1.74354433534224e+002

3.14331666620492e+008,-3.71987085889897e+001,1.21676955621068e+002

3.18719573168047e+008,-3.72003032442843e+001,6.82614683455193e+001

3.23168732608373e+008,-3.72019440686030e+001,1.40974784358811e+001

3.27679999999989e+008,-3.72035987072453e+001,-4.08239748101514e+001

3.32254242337586e+008,-3.72050677216276e+001,-9.65141315345469e+001

3.36892338718649e+008,-3.72065207632754e+001,-1.52984695256725e+002

3.41595180512407e+008,-3.72080344723225e+001,1.49754921046605e+002

3.46363671531142e+008,-3.72093732434090e+001,9.16936045079656e+001

3.51198728203881e+008,-3.72106506212161e+001,3.28188351981163e+001

3.56101279752527e+008,-3.72119944476652e+001,-2.68793835664987e+001

3.61072268370436e+008,-3.72131548025596e+001,-8.74123973047810e+001

3.66112649403493e+008,-3.72142252240731e+001,-1.48793339114150e+002

3.71223391533715e+008,-3.72153239382859e+001,1.48967294777734e+002

3.76405476965416e+008,-3.72161796968598e+001,8.58573397346644e+001

3.81659901613971e+008,-3.72169283332751e+001,2.18629612199413e+001

3.86987675297216e+008,-3.72176641410522e+001,-4.30271304678554e+001

3.92389821929517e+008,-3.72182698432637e+001,-1.08826724073587e+002

3.97867379718556e+008,-3.72192134114331e+001,-1.75549052187151e+002

4.03421401364849e+008,-3.72205725200910e+001,1.16796454953855e+002

4.09052954264066e+008,-3.72220728133500e+001,4.81971210117633e+001

4.14763120712167e+008,-3.72237096055858e+001,-2.13595468996874e+001

4.20552998113398e+008,-3.72251149605296e+001,-9.18869576909100e+001

4.26423699191198e+008,-3.72263835559758e+001,-1.63400963121716e+002

4.32376352202047e+008,-3.72276034937128e+001,1.24085995426435e+002

4.38412101152298e+008,-3.72286013437830e+001,5.05586706750547e+001

4.44532106018038e+008,-3.72296641712718e+001,-2.39969392704489e+001

4.50737542968016e+008,-3.72305666240853e+001,-9.95944208968267e+001

4.57029604589685e+008,-3.72314708327411e+001,-1.76249754220002e+002

4.63409500118400e+008,-3.72323524105496e+001,1.06024087499028e+002

4.69878455669810e+008,-3.72331301355448e+001,2.72105081491388e+001

4.76437714475503e+008,-3.72339871219299e+001,-5.27043296764139e+001

4.83088537121932e+008,-3.72346879411141e+001,-1.33736556523842e+002

4.89832201792680e+008,-3.72354973001169e+001,1.44098484253649e+002

4.96670004514110e+008,-3.72361569115331e+001,6.07852932549760e+001

5.03603259404439e+008,-3.72369073534761e+001,-2.36928392552044e+001

5.10633298926288e+008,-3.72375399602130e+001,-1.09351131498442e+002

5.17761474142765e+008,-3.72382344717442e+001,1.63792732074988e+002

5.24989154977117e+008,-3.72388401489759e+001,7.57234171589298e+001

5.32317730476004e+008,-3.72394890148318e+001,-1.35774227715523e+001

5.39748609076458e+008,-3.72400620061209e+001,-1.04125504466473e+002

5.47283218876557e+008,-3.72406771830772e+001,1.64060345491851e+002

5.54923007909887e+008,-3.72412107861454e+001,7.09638555979885e+001

5.62669444423827e+008,-3.72418025789970e+001,-2.34341405408281e+001

5.70524017161728e+008,-3.72422927614583e+001,-1.19150658675084e+002

5.78488235649024e+008,-3.72428657486854e+001,1.43795003012988e+002

5.86563630483336e+008,-3.72433167644165e+001,4.53847942394924e+001

5.94751753628634e+008,-3.72438630833495e+001,-5.44004107038282e+001

6.03054178713497e+008,-3.72442942654914e+001,-1.55580024413668e+002

6.11472501333541e+008,-3.72447897530786e+001,1.01827207745475e+002

6.20008339358065e+008,-3.72452319781837e+001,-2.19951214025230e+000

6.28663333240983e+008,-3.72456521751232e+001,-1.07678899279015e+002

6.37439146336093e+008,-3.72461163701167e+001,1.45367606153056e+002

6.46337465216745e+008,-3.72464794083192e+001,3.69201813368998e+001

6.55359999999977e+008,-3.72469169000094e+001,-7.30420514954524e+001

6.64508484675170e+008,-3.72472931337612e+001,1.75459118676457e+002

6.73784677437296e+008,-3.72476419793800e+001,6.24033086759011e+001

6.83190361024813e+008,-3.72480451342507e+001,-5.22320606468660e+001

6.92727343062282e+008,-3.72483576702445e+001,-1.68468841567109e+002

7.02397456407760e+008,-3.72486834491330e+001,7.36712354689083e+001

7.12202559505052e+008,-3.72490306119884e+001,-4.58353257384068e+001

7.22144536740870e+008,-3.72492860969278e+001,-1.67011085654803e+002

7.32225298806984e+008,-3.72495400332192e+001,7.01211086582238e+001

7.42446783067428e+008,-3.72497902309523e+001,-5.44630235559165e+001

7.52810953930830e+008,-3.72499123467392e+001,1.79212801362536e+002

7.63319803227940e+008,-3.72499021805947e+001,5.11247797599363e+001

7.73975350594429e+008,-3.72496949635556e+001,-7.87525524254345e+001

7.84779643859033e+008,-3.72490836926708e+001,1.49553572789343e+002

7.95734759437109e+008,-3.72485618434324e+001,1.60139408506258e+001

8.06842802729695e+008,-3.72494516652992e+001,-1.19391596278827e+002

8.18105908528131e+008,-3.72507617189379e+001,1.03318969713861e+002

8.29526241424333e+008,-3.72516304147222e+001,-3.58849562151276e+001

8.41105996226795e+008,-3.72521691810364e+001,-1.77032626439275e+002

8.52847398382395e+008,-3.72525613480757e+001,3.98484055539035e+001

8.64752704404093e+008,-3.72529020871632e+001,-1.05269548200371e+002

8.76824202304595e+008,-3.72532102018047e+001,1.07585521038750e+002

8.89064212036074e+008,-3.72534781033988e+001,-4.16145815392267e+001

9.01475085936030e+008,-3.72537091465289e+001,1.67101641472098e+002

9.14059209179369e+008,-3.72539202115382e+001,1.37052213979697e+001

9.26819000236798e+008,-3.72541271990977e+001,-1.41833322174908e+002

9.39756911339618e+008,-3.72543358832002e+001,6.04560693746016e+001

9.52875428951004e+008,-3.72545434887175e+001,-9.94569493437805e+001

9.66177074243861e+008,-3.72547447032921e+001,9.83968881662570e+001

9.79664403585357e+008,-3.72549359640043e+001,-6.60135566820291e+001

9.93340009028218e+008,-3.72551164520405e+001,1.27280147739516e+002

1.00000000000000e+009,-3.72551670002685e+001,4.60942655407965e+001

